15550,1,[9, 43, 5, 63, 7]
---->15843,[9, 63, 5, 7]
15027,2,[3, 5, 45, 16, 57, 30][9, 43, 63, 7]
---->15550,[9, 43, 5, 63, 7]
15004,2,[32, 2, 5, 70, 34, 46, 15, 17, 21, 53, 31][16, 57, 3, 45, 30]
---->15027,[3, 5, 45, 16, 57, 30]
15000,2,[32, 2, 70, 34, 46, 15, 17, 21, 53, 31][3, 5, 45, 16, 57, 30]
---->15004,[32, 2, 5, 70, 34, 46, 15, 17, 21, 53, 31]
14280,1,[32, 34, 3, 70, 2, 46, 15, 16, 17, 21, 56, 57, 53, 30, 31]
---->15000,[32, 2, 70, 34, 46, 15, 17, 21, 53, 31]
14256,2,[2, 70, 34, 46, 15, 17, 21, 53, 31][32, 3, 16, 56, 57, 30]
---->14280,[32, 34, 3, 70, 2, 46, 15, 16, 17, 21, 56, 57, 53, 30, 31]
13684,1,[32, 34, 3, 70, 2, 46, 15, 16, 17, 21, 56, 57, 53, 30, 31]
---->14256,[2, 70, 34, 46, 15, 17, 21, 53, 31]
13500,1,[32, 34, 3, 70, 2, 46, 15, 16, 17, 21, 56, 57, 53, 30, 31]
---->13684,[32, 34, 3, 70, 2, 46, 15, 16, 17, 21, 56, 57, 53, 30, 31]
12830,2,[2, 70, 34, 46, 15, 16, 17, 53, 57, 21, 31][32, 56, 3, 30]
---->13500,[32, 34, 3, 70, 2, 46, 15, 16, 17, 21, 56, 57, 53, 30, 31]
12812,1,[64, 2, 70, 34, 46, 15, 16, 17, 53, 57, 21, 31]
---->12830,[2, 70, 34, 46, 15, 16, 17, 53, 57, 21, 31]
12809,2,[64, 2, 70, 34, 46, 15, 17, 53, 57, 21, 31][39, 40, 41, 13, 16, 51, 58]
---->12812,[64, 2, 70, 34, 46, 15, 16, 17, 53, 57, 21, 31]
12706,1,[64, 2, 70, 34, 46, 15, 16, 17, 53, 57, 21, 31]
---->12809,[64, 2, 70, 34, 46, 15, 17, 53, 57, 21, 31]
12684,1,[64, 2, 70, 34, 46, 15, 16, 17, 53, 57, 21, 31]
---->12706,[64, 2, 70, 34, 46, 15, 16, 17, 53, 57, 21, 31]
12654,2,[64, 2, 70, 34, 46, 15, 17, 53, 57, 21, 31][16, 28, 60]
---->12684,[64, 2, 70, 34, 46, 15, 16, 17, 53, 57, 21, 31]
12640,1,[64, 2, 70, 34, 46, 15, 17, 53, 57, 21, 31]
---->12654,[64, 2, 70, 34, 46, 15, 17, 53, 57, 21, 31]
12554,1,[64, 2, 70, 34, 46, 15, 16, 17, 53, 57, 21, 31]
---->12640,[64, 2, 70, 34, 46, 15, 17, 53, 57, 21, 31]
12509,2,[16, 64, 2, 31][34, 70, 46, 15, 17, 21, 57, 53]
---->12554,[64, 2, 70, 34, 46, 15, 16, 17, 53, 57, 21, 31]
12433,1,[64, 2, 70, 34, 46, 15, 16, 17, 53, 57, 21, 31]
---->12509,[16, 64, 2, 31]
12430,2,[16, 64, 2, 31][34, 70, 46, 15, 17, 21, 57, 53]
---->12433,[64, 2, 70, 34, 46, 15, 16, 17, 53, 57, 21, 31]
12429,2,[64, 2, 31][39, 40, 41, 13, 16, 51, 58]
---->12430,[16, 64, 2, 31]
12427,1,[16, 64, 2, 31]
---->12429,[64, 2, 31]
12409,1,[64, 2, 70, 34, 46, 15, 16, 17, 53, 57, 21, 31]
---->12427,[16, 64, 2, 31]
12405,2,[64, 2, 70, 34, 46, 15, 17, 53, 57, 21, 31][39, 40, 41, 13, 16, 51, 58]
---->12409,[64, 2, 70, 34, 46, 15, 16, 17, 53, 57, 21, 31]
12386,1,[64, 2, 70, 34, 46, 15, 16, 17, 53, 57, 21, 31]
---->12405,[64, 2, 70, 34, 46, 15, 17, 53, 57, 21, 31]
12343,2,[64, 2, 70, 34, 46, 15, 17, 53, 57, 21, 31][39, 40, 41, 13, 16, 51, 58]
---->12386,[64, 2, 70, 34, 46, 15, 16, 17, 53, 57, 21, 31]
12321,1,[64, 2, 70, 34, 46, 15, 16, 17, 53, 57, 21, 31]
---->12343,[64, 2, 70, 34, 46, 15, 17, 53, 57, 21, 31]
12271,1,[64, 2, 70, 34, 46, 15, 16, 17, 53, 57, 21, 31]
---->12321,[64, 2, 70, 34, 46, 15, 16, 17, 53, 57, 21, 31]
12199,2,[16, 64, 2, 31][34, 70, 46, 15, 17, 21, 57, 53]
---->12271,[64, 2, 70, 34, 46, 15, 16, 17, 53, 57, 21, 31]
12155,1,[64, 2, 70, 34, 46, 15, 16, 17, 53, 57, 21, 31]
---->12199,[16, 64, 2, 31]
12105,2,[64, 2, 34, 46, 15, 16, 17, 53, 57, 21, 31][27, 29, 70]
---->12155,[64, 2, 70, 34, 46, 15, 16, 17, 53, 57, 21, 31]
12000,1,[64, 2, 70, 34, 46, 15, 16, 17, 53, 57, 21, 31]
---->12105,[64, 2, 34, 46, 15, 16, 17, 53, 57, 21, 31]
10602,2,[2, 70, 34, 46, 15, 16, 17, 53, 57, 21, 31][64, 65, 69]
---->12000,[64, 2, 70, 34, 46, 15, 16, 17, 53, 57, 21, 31]
10549,2,[16, 2, 31][34, 70, 46, 15, 17, 21, 57, 53]
---->10602,[2, 70, 34, 46, 15, 16, 17, 53, 57, 21, 31]
10500,1,[2, 70, 34, 46, 15, 16, 17, 21, 57, 53, 31]
---->10549,[16, 2, 31]
9766,2,[0, 1, 3, 32, 69, 33, 64, 35, 53, 56, 30][2, 70, 34, 46, 15, 16, 17, 21, 57, 59, 31]
---->10500,[2, 70, 34, 46, 15, 16, 17, 21, 57, 53, 31]
9760,2,[0, 1, 3, 32, 69, 33, 64, 35, 56, 30][51, 4, 53]
---->9766,[0, 1, 3, 32, 69, 33, 64, 35, 53, 56, 30]
9743,1,[0, 1, 3, 32, 69, 33, 64, 35, 53, 56, 30]
---->9760,[0, 1, 3, 32, 69, 33, 64, 35, 56, 30]
9715,2,[0, 1, 3, 32, 69, 33, 64, 35, 56, 30][50, 51, 53]
---->9743,[0, 1, 3, 32, 69, 33, 64, 35, 53, 56, 30]
9181,1,[0, 1, 3, 69, 32, 64, 35, 56, 33, 30]
---->9715,[0, 1, 3, 32, 69, 33, 64, 35, 56, 30]
9179,2,[0, 1, 35, 69, 33][64, 32, 3, 30, 56]
---->9181,[0, 1, 3, 69, 32, 64, 35, 56, 33, 30]
9176,1,[0, 1, 3, 69, 32, 64, 35, 56, 33, 30]
---->9179,[0, 1, 35, 69, 33]
9175,2,[0, 1, 35, 69, 33][64, 32, 3, 30, 56]
---->9176,[0, 1, 3, 69, 32, 64, 35, 56, 33, 30]
9029,1,[0, 1, 3, 69, 32, 64, 35, 56, 33, 30]
---->9175,[0, 1, 35, 69, 33]
7852,2,[0, 1, 3, 32, 69, 7, 71, 35, 56, 33, 30][8, 64, 12]
---->9029,[0, 1, 3, 69, 32, 64, 35, 56, 33, 30]
7818,2,[0, 1, 3, 32, 69, 71, 35, 56, 33, 30][43, 36, 38, 6, 7, 40, 41, 11, 14, 24, 39, 26, 58]
---->7852,[0, 1, 3, 32, 69, 7, 71, 35, 56, 33, 30]
7695,1,[0, 1, 3, 6, 7, 11, 14, 24, 26, 30, 32, 33, 35, 36, 38, 39, 40, 41, 43, 56, 58, 69, 71]
---->7818,[0, 1, 3, 32, 69, 71, 35, 56, 33, 30]
7669,2,[0, 1, 35, 36, 69, 6, 33, 40, 41, 11, 14, 43, 24, 39, 26, 38, 58, 7][32, 56, 3, 30, 71]
---->7695,[0, 1, 3, 6, 7, 11, 14, 24, 26, 30, 32, 33, 35, 36, 38, 39, 40, 41, 43, 56, 58, 69, 71]
7668,1,[0, 1, 3, 6, 7, 11, 14, 24, 26, 30, 32, 33, 35, 36, 38, 39, 40, 41, 43, 56, 58, 69, 71]
---->7669,[0, 1, 35, 36, 69, 6, 33, 40, 41, 11, 14, 43, 24, 39, 26, 38, 58, 7]
7637,2,[0, 1, 3, 36, 69, 6, 32, 71, 14, 11, 43, 35, 56, 24, 7, 33, 38, 26, 30][40, 41, 58, 39]
---->7668,[0, 1, 3, 6, 7, 11, 14, 24, 26, 30, 32, 33, 35, 36, 38, 39, 40, 41, 43, 56, 58, 69, 71]
7500,1,[0, 1, 3, 6, 7, 11, 14, 24, 26, 30, 32, 33, 35, 36, 38, 39, 40, 41, 43, 56, 58, 69, 71]
---->7637,[0, 1, 3, 36, 69, 6, 32, 71, 14, 11, 43, 35, 56, 24, 7, 33, 38, 26, 30]
6384,1,[0, 1, 3, 6, 7, 11, 14, 24, 26, 30, 31, 32, 33, 34, 35, 36, 38, 39, 40, 41, 43, 45, 47, 55, 56, 58, 69, 71]
---->7500,[0, 1, 3, 6, 7, 11, 14, 24, 26, 30, 32, 33, 35, 36, 38, 39, 40, 41, 43, 56, 58, 69, 71]
6372,2,[0, 1, 3, 6, 7, 11, 14, 24, 26, 30, 31, 32, 33, 34, 35, 36, 38, 43, 45, 47, 55, 56, 69, 71][40, 41, 58, 39]
---->6384,[0, 1, 3, 6, 7, 11, 14, 24, 26, 30, 31, 32, 33, 34, 35, 36, 38, 39, 40, 41, 43, 45, 47, 55, 56, 58, 69, 71]
6025,1,[0, 1, 3, 6, 7, 11, 14, 24, 26, 30, 31, 32, 33, 34, 35, 36, 38, 39, 40, 41, 43, 45, 47, 55, 56, 58, 69, 71]
---->6372,[0, 1, 3, 6, 7, 11, 14, 24, 26, 30, 31, 32, 33, 34, 35, 36, 38, 43, 45, 47, 55, 56, 69, 71]
6000,1,[0, 1, 3, 6, 7, 11, 14, 24, 26, 30, 31, 32, 33, 34, 35, 36, 38, 39, 40, 41, 43, 45, 47, 55, 56, 58, 64, 69, 71]
---->6025,[0, 1, 3, 6, 7, 11, 14, 24, 26, 30, 31, 32, 33, 34, 35, 36, 38, 39, 40, 41, 43, 45, 47, 55, 56, 58, 69, 71]
4724,4,[0, 1, 34, 35, 69, 33, 45, 47][32, 3, 71, 56, 30, 31][11, 36, 38, 6, 39, 40, 41, 43, 14, 55, 24, 7, 26, 58][8, 64, 12]
---->6000,[0, 1, 3, 6, 7, 11, 14, 24, 26, 30, 31, 32, 33, 34, 35, 36, 38, 39, 40, 41, 43, 45, 47, 55, 56, 58, 64, 69, 71]
4500,1,[0, 1, 34, 35, 69, 33, 45, 47]
---->4724,[0, 1, 34, 35, 69, 33, 45, 47]
4112,1,[0, 1, 2, 35, 69, 70, 33, 42, 44, 45, 46, 15, 34, 17, 21, 47, 16]
---->4500,[0, 1, 34, 35, 69, 33, 45, 47]
3820,1,[0, 1, 2, 35, 69, 70, 33, 42, 44, 45, 46, 15, 34, 17, 21, 47, 16]
---->4112,[0, 1, 2, 35, 69, 70, 33, 42, 44, 45, 46, 15, 34, 17, 21, 47, 16]
3740,2,[0, 1, 2, 35, 69, 70, 33, 42, 44, 45, 46, 15, 34, 17, 21, 47][32, 3, 5, 16, 56, 30, 31]
---->3820,[0, 1, 2, 35, 69, 70, 33, 42, 44, 45, 46, 15, 34, 17, 21, 47, 16]
3706,2,[0, 1, 2, 69, 70, 33, 42, 44, 34, 46, 15, 17, 21][35, 45, 47]
---->3740,[0, 1, 2, 35, 69, 70, 33, 42, 44, 45, 46, 15, 34, 17, 21, 47]
3439,1,[0, 1, 2, 35, 69, 70, 33, 42, 44, 45, 46, 15, 34, 17, 21, 47]
---->3706,[0, 1, 2, 69, 70, 33, 42, 44, 34, 46, 15, 17, 21]
3323,1,[0, 1, 2, 35, 69, 70, 33, 42, 44, 45, 46, 15, 34, 17, 21, 47]
---->3439,[0, 1, 2, 35, 69, 70, 33, 42, 44, 45, 46, 15, 34, 17, 21, 47]
3127,1,[0, 1, 2, 35, 69, 70, 33, 42, 44, 45, 46, 15, 34, 17, 52, 21, 47]
---->3323,[0, 1, 2, 35, 69, 70, 33, 42, 44, 45, 46, 15, 34, 17, 21, 47]
3073,1,[0, 1, 2, 3, 5, 15, 16, 17, 21, 30, 31, 32, 33, 34, 35, 42, 44, 45, 46, 47, 52, 56, 69, 70]
---->3127,[0, 1, 2, 35, 69, 70, 33, 42, 44, 45, 46, 15, 34, 17, 52, 21, 47]
3049,1,[0, 1, 2, 3, 5, 9, 10, 15, 16, 17, 21, 23, 30, 31, 32, 33, 34, 35, 42, 44, 45, 46, 47, 52, 56, 69, 70]
---->3073,[0, 1, 2, 3, 5, 15, 16, 17, 21, 30, 31, 32, 33, 34, 35, 42, 44, 45, 46, 47, 52, 56, 69, 70]
3000,1,[0, 1, 2, 3, 5, 6, 8, 9, 10, 12, 13, 14, 15, 16, 17, 21, 23, 30, 31, 32, 33, 34, 35, 42, 43, 44, 45, 46, 47, 52, 56, 69, 70]
---->3049,[0, 1, 2, 3, 5, 9, 10, 15, 16, 17, 21, 23, 30, 31, 32, 33, 34, 35, 42, 44, 45, 46, 47, 52, 56, 69, 70]
1821,8,[0, 1, 2, 35, 17, 33, 45, 46, 15, 16, 34, 47][32, 3, 5, 56, 30, 31][8, 6, 7][9, 10, 23][12, 13, 14][71, 69, 70, 21][42, 43, 44][51, 52, 53]
---->3000,[0, 1, 2, 3, 5, 6, 8, 9, 10, 12, 13, 14, 15, 16, 17, 21, 23, 30, 31, 32, 33, 34, 35, 42, 43, 44, 45, 46, 47, 52, 56, 69, 70]
1769,1,[0, 1, 2, 35, 17, 33, 45, 46, 15, 16, 34, 47]
---->1821,[0, 1, 2, 35, 17, 33, 45, 46, 15, 16, 34, 47]
1767,2,[0, 1, 2, 35, 33, 34, 45, 47][16, 17, 46, 15]
---->1769,[0, 1, 2, 35, 17, 33, 45, 46, 15, 16, 34, 47]
1706,1,[0, 1, 2, 35, 17, 33, 45, 46, 15, 16, 34, 47]
---->1767,[0, 1, 2, 35, 33, 34, 45, 47]
1701,2,[0, 1, 2, 35, 33, 34, 45, 47][16, 17, 46, 15]
---->1706,[0, 1, 2, 35, 17, 33, 45, 46, 15, 16, 34, 47]
1589,1,[0, 1, 2, 35, 17, 33, 45, 46, 15, 16, 34, 47]
---->1701,[0, 1, 2, 35, 33, 34, 45, 47]
1580,2,[0, 1, 2, 35, 33, 34, 45, 47][16, 17, 46, 15]
---->1589,[0, 1, 2, 35, 17, 33, 45, 46, 15, 16, 34, 47]
1500,1,[0, 1, 2, 35, 17, 33, 45, 46, 15, 16, 34, 47]
---->1580,[0, 1, 2, 35, 33, 34, 45, 47]
0,4,[0, 1, 2][16, 17, 15][33, 34, 35][45, 46, 47]
---->1500,[0, 1, 2, 35, 17, 33, 45, 46, 15, 16, 34, 47]
1562,1,[0, 1, 2, 35, 17, 33, 45, 46, 15, 16, 34, 47]
---->1580,[16, 17, 46, 15]
1500,1,[0, 1, 2, 35, 17, 33, 45, 46, 15, 16, 34, 47]
---->1562,[0, 1, 2, 35, 17, 33, 45, 46, 15, 16, 34, 47]
1589,1,[0, 1, 2, 35, 17, 33, 45, 46, 15, 16, 34, 47]
---->1701,[16, 17, 46, 15]
1706,1,[0, 1, 2, 35, 17, 33, 45, 46, 15, 16, 34, 47]
---->1767,[16, 17, 46, 15]
1500,1,[32, 3, 5, 56, 30, 31]
---->1821,[32, 3, 5, 56, 30, 31]
0,3,[3, 4, 5][32, 30, 31][56, 54, 55]
---->1500,[32, 3, 5, 56, 30, 31]
0,1,[8, 6, 7]
---->1821,[8, 6, 7]
1726,1,[9, 10, 23]
---->1821,[9, 10, 23]
1598,1,[69, 70, 71, 9, 10, 21, 22, 23]
---->1726,[9, 10, 23]
1574,1,[36, 38, 70, 71, 9, 10, 11, 21, 22, 23, 37, 69]
---->1598,[69, 70, 71, 9, 10, 21, 22, 23]
1500,1,[36, 37, 38, 71, 9, 10, 11, 21, 22, 23, 70, 69]
---->1574,[36, 38, 70, 71, 9, 10, 11, 21, 22, 23, 37, 69]
0,4,[9, 10, 11][21, 22, 23][36, 37, 38][69, 70, 71]
---->1500,[36, 37, 38, 71, 9, 10, 11, 21, 22, 23, 70, 69]
0,1,[12, 13, 14]
---->1821,[12, 13, 14]
1726,1,[71, 70, 69, 22, 21]
---->1821,[71, 69, 70, 21]
1598,1,[69, 70, 71, 9, 10, 21, 22, 23]
---->1726,[71, 70, 69, 22, 21]
0,1,[42, 43, 44]
---->1821,[42, 43, 44]
0,1,[51, 52, 53]
---->1821,[51, 52, 53]
3323,1,[0, 1, 2, 35, 69, 70, 33, 42, 44, 45, 46, 15, 34, 17, 21, 47]
---->3706,[35, 45, 47]
3127,1,[32, 3, 5, 16, 56, 30, 31]
---->3740,[32, 3, 5, 16, 56, 30, 31]
3073,1,[0, 1, 2, 3, 5, 15, 16, 17, 21, 30, 31, 32, 33, 34, 35, 42, 44, 45, 46, 47, 52, 56, 69, 70]
---->3127,[32, 3, 5, 16, 56, 30, 31]
4500,1,[32, 3, 71, 16, 56, 30, 31]
---->4724,[32, 3, 71, 56, 30, 31]
3820,3,[0, 1, 2, 35, 69, 70, 33, 42, 44, 45, 46, 15, 34, 17, 21, 47, 16][32, 3, 5, 56, 30, 31][71, 11, 36, 38, 7]
---->4500,[32, 3, 71, 16, 56, 30, 31]
3816,1,[32, 3, 5, 56, 30, 31]
---->3820,[32, 3, 5, 56, 30, 31]
3127,1,[32, 3, 5, 16, 56, 30, 31]
---->3816,[32, 3, 5, 56, 30, 31]
3000,1,[71, 11, 36, 38, 7]
---->3820,[71, 11, 36, 38, 7]
1821,3,[8, 6, 7][11, 36, 38][71, 69, 70, 21]
---->3000,[71, 11, 36, 38, 7]
1779,1,[11, 36, 38]
---->1821,[11, 36, 38]
1766,1,[11, 36, 37, 38]
---->1779,[11, 36, 38]
1598,1,[11, 36, 37, 38]
---->1766,[11, 36, 37, 38]
1546,1,[36, 38, 70, 71, 9, 10, 11, 21, 22, 23, 37, 69]
---->1598,[11, 36, 37, 38]
1500,1,[36, 37, 38, 71, 9, 10, 11, 21, 22, 23, 70, 69]
---->1546,[36, 38, 70, 71, 9, 10, 11, 21, 22, 23, 37, 69]
4500,1,[11, 36, 38, 6, 39, 40, 41, 43, 14, 55, 24, 7, 26, 58]
---->4724,[11, 36, 38, 6, 39, 40, 41, 43, 14, 55, 24, 7, 26, 58]
3271,5,[43, 14, 6][71, 11, 36, 38, 7][24, 26, 55][40, 41, 39][57, 58, 59]
---->4500,[11, 36, 38, 6, 39, 40, 41, 43, 14, 55, 24, 7, 26, 58]
3049,1,[6, 8, 43, 12, 13, 14]
---->3271,[43, 14, 6]
3000,1,[0, 1, 2, 3, 5, 6, 8, 9, 10, 12, 13, 14, 15, 16, 17, 21, 23, 30, 31, 32, 33, 34, 35, 42, 43, 44, 45, 46, 47, 52, 56, 69, 70]
---->3049,[6, 8, 43, 12, 13, 14]
3000,1,[71, 11, 36, 38, 7]
---->3271,[71, 11, 36, 38, 7]
3212,1,[24, 26, 55]
---->3271,[24, 26, 55]
1500,2,[4, 18, 19, 20, 54, 55][24, 25, 26]
---->3212,[24, 26, 55]
0,3,[3, 4, 5][18, 19, 20][56, 54, 55]
---->1500,[4, 18, 19, 20, 54, 55]
0,1,[24, 25, 26]
---->1500,[24, 25, 26]
0,1,[40, 41, 39]
---->3271,[40, 41, 39]
0,1,[57, 58, 59]
---->3271,[57, 58, 59]
4509,1,[8, 64, 12]
---->4724,[8, 64, 12]
4500,1,[8, 64, 12, 13]
---->4509,[8, 64, 12]
3271,2,[8, 12, 13][64, 65, 63]
---->4500,[8, 64, 12, 13]
3049,1,[6, 8, 43, 12, 13, 14]
---->3271,[8, 12, 13]
0,1,[64, 65, 63]
---->3271,[64, 65, 63]
6025,1,[0, 1, 3, 6, 7, 11, 14, 24, 26, 30, 31, 32, 33, 34, 35, 36, 38, 39, 40, 41, 43, 45, 47, 55, 56, 58, 69, 71]
---->6372,[40, 41, 58, 39]
7500,1,[0, 1, 3, 6, 7, 11, 14, 24, 26, 30, 32, 33, 35, 36, 38, 39, 40, 41, 43, 56, 58, 69, 71]
---->7637,[40, 41, 58, 39]
7668,1,[0, 1, 3, 6, 7, 11, 14, 24, 26, 30, 32, 33, 35, 36, 38, 39, 40, 41, 43, 56, 58, 69, 71]
---->7669,[32, 56, 3, 30, 71]
7695,1,[0, 1, 3, 6, 7, 11, 14, 24, 26, 30, 32, 33, 35, 36, 38, 39, 40, 41, 43, 56, 58, 69, 71]
---->7818,[43, 36, 38, 6, 7, 40, 41, 11, 14, 24, 39, 26, 58]
4509,1,[8, 64, 12]
---->7852,[8, 64, 12]
9029,1,[0, 1, 3, 69, 32, 64, 35, 56, 33, 30]
---->9175,[64, 32, 3, 30, 56]
9176,1,[0, 1, 3, 69, 32, 64, 35, 56, 33, 30]
---->9179,[64, 32, 3, 30, 56]
9092,1,[50, 51, 53]
---->9715,[50, 51, 53]
9039,2,[51, 4, 53][50, 27, 13, 29]
---->9092,[50, 51, 53]
9000,1,[51, 4, 53]
---->9039,[51, 4, 53]
7535,2,[4, 9, 10, 18, 19, 20, 54, 23, 52][51, 13, 53]
---->9000,[51, 4, 53]
4500,1,[4, 9, 10, 18, 19, 20, 54, 23, 52]
---->7535,[4, 9, 10, 18, 19, 20, 54, 23, 52]
3323,2,[4, 18, 19, 20, 54, 52][9, 10, 23]
---->4500,[4, 9, 10, 18, 19, 20, 54, 23, 52]
3212,2,[0, 1, 2, 35, 69, 70, 33, 42, 44, 45, 46, 15, 34, 17, 52, 21, 47][20, 18, 19, 4, 54]
---->3323,[4, 18, 19, 20, 54, 52]
3127,1,[0, 1, 2, 35, 69, 70, 33, 42, 44, 45, 46, 15, 34, 17, 52, 21, 47]
---->3212,[0, 1, 2, 35, 69, 70, 33, 42, 44, 45, 46, 15, 34, 17, 52, 21, 47]
1500,1,[4, 18, 19, 20, 54, 55]
---->3212,[20, 18, 19, 4, 54]
3073,1,[9, 10, 23]
---->3323,[9, 10, 23]
3049,1,[0, 1, 2, 3, 5, 9, 10, 15, 16, 17, 21, 23, 30, 31, 32, 33, 34, 35, 42, 44, 45, 46, 47, 52, 56, 69, 70]
---->3073,[9, 10, 23]
4509,1,[51, 13, 53]
---->7535,[51, 13, 53]
3271,2,[8, 12, 13][25, 51, 53]
---->4509,[51, 13, 53]
3004,1,[25, 51, 53]
---->3271,[25, 51, 53]
0,2,[24, 25, 26][51, 52, 53]
---->3004,[25, 51, 53]
9018,2,[27, 13, 29][48, 49, 50]
---->9039,[50, 27, 13, 29]
9003,1,[27, 13, 29]
---->9018,[27, 13, 29]
9000,1,[50, 27, 13, 29]
---->9003,[27, 13, 29]
4509,3,[27, 5, 29][51, 13, 53][48, 49, 50]
---->9000,[50, 27, 13, 29]
4500,1,[27, 5, 29]
---->4509,[27, 5, 29]
3816,2,[32, 3, 5, 56, 30, 31][27, 28, 29]
---->4500,[27, 5, 29]
0,1,[27, 28, 29]
---->3816,[27, 28, 29]
0,1,[48, 49, 50]
---->4509,[48, 49, 50]
9000,2,[48, 49, 5][50, 27, 13, 29]
---->9018,[48, 49, 50]
4625,2,[27, 5, 29][48, 49, 50]
---->9000,[48, 49, 5]
4500,1,[27, 5, 29]
---->4625,[27, 5, 29]
0,1,[48, 49, 50]
---->4625,[48, 49, 50]
9743,2,[0, 1, 3, 32, 69, 33, 64, 35, 53, 56, 30][50, 51, 4]
---->9760,[51, 4, 53]
9372,1,[50, 51, 4]
---->9743,[50, 51, 4]
9335,2,[66, 67, 4][50, 51, 53]
---->9372,[50, 51, 4]
9246,1,[66, 67, 4]
---->9335,[66, 67, 4]
9221,2,[51, 4, 53][66, 67, 68]
---->9246,[66, 67, 4]
9201,1,[51, 4, 53]
---->9221,[51, 4, 53]
9173,2,[66, 67, 4][50, 51, 53]
---->9201,[51, 4, 53]
9165,2,[51, 4, 53][66, 67, 68]
---->9173,[66, 67, 4]
9000,1,[51, 4, 53]
---->9165,[51, 4, 53]
0,1,[66, 67, 68]
---->9165,[66, 67, 68]
9092,1,[50, 51, 53]
---->9173,[50, 51, 53]
