3127,1,[32, 3, 5, 16, 56, 30, 31]
---->3816,[32, 3, 5, 56, 30, 31]
3073,1,[0, 1, 2, 3, 5, 15, 16, 17, 21, 30, 31, 32, 33, 34, 35, 42, 44, 45, 46, 47, 52, 56, 69, 70]
---->3127,[32, 3, 5, 16, 56, 30, 31]
3049,1,[0, 1, 2, 3, 5, 9, 10, 15, 16, 17, 21, 23, 30, 31, 32, 33, 34, 35, 42, 44, 45, 46, 47, 52, 56, 69, 70]
---->3073,[0, 1, 2, 3, 5, 15, 16, 17, 21, 30, 31, 32, 33, 34, 35, 42, 44, 45, 46, 47, 52, 56, 69, 70]
3000,1,[0, 1, 2, 3, 5, 6, 8, 9, 10, 12, 13, 14, 15, 16, 17, 21, 23, 30, 31, 32, 33, 34, 35, 42, 43, 44, 45, 46, 47, 52, 56, 69, 70]
---->3049,[0, 1, 2, 3, 5, 9, 10, 15, 16, 17, 21, 23, 30, 31, 32, 33, 34, 35, 42, 44, 45, 46, 47, 52, 56, 69, 70]
1859,8,[0, 1, 2, 35, 17, 33, 45, 46, 15, 16, 34, 47][32, 3, 5, 56, 30, 31][8, 6, 7][9, 10, 23][12, 13, 14][71, 69, 70, 21][42, 43, 44][51, 52, 53]
---->3000,[0, 1, 2, 3, 5, 6, 8, 9, 10, 12, 13, 14, 15, 16, 17, 21, 23, 30, 31, 32, 33, 34, 35, 42, 43, 44, 45, 46, 47, 52, 56, 69, 70]
1857,2,[0, 33, 2, 35, 17, 45, 46, 15, 16, 34, 47][1]
---->1859,[0, 1, 2, 35, 17, 33, 45, 46, 15, 16, 34, 47]
1835,1,[0, 1, 2, 35, 17, 33, 45, 46, 15, 16, 34, 47]
---->1857,[0, 33, 2, 35, 17, 45, 46, 15, 16, 34, 47]
1831,2,[0, 33, 2, 35, 17, 45, 46, 15, 16, 34, 47][1]
---->1835,[0, 1, 2, 35, 17, 33, 45, 46, 15, 16, 34, 47]
1769,1,[0, 1, 2, 35, 17, 33, 45, 46, 15, 16, 34, 47]
---->1831,[0, 33, 2, 35, 17, 45, 46, 15, 16, 34, 47]
1767,2,[0, 1, 2, 35, 33, 34, 45, 47][16, 17, 46, 15]
---->1769,[0, 1, 2, 35, 17, 33, 45, 46, 15, 16, 34, 47]
1706,1,[0, 1, 2, 35, 17, 33, 45, 46, 15, 16, 34, 47]
---->1767,[0, 1, 2, 35, 33, 34, 45, 47]
1701,2,[0, 1, 2, 35, 33, 34, 45, 47][16, 17, 46, 15]
---->1706,[0, 1, 2, 35, 17, 33, 45, 46, 15, 16, 34, 47]
1589,1,[0, 1, 2, 35, 17, 33, 45, 46, 15, 16, 34, 47]
---->1701,[0, 1, 2, 35, 33, 34, 45, 47]
1580,2,[0, 1, 2, 35, 33, 34, 45, 47][16, 17, 46, 15]
---->1589,[0, 1, 2, 35, 17, 33, 45, 46, 15, 16, 34, 47]
1562,1,[0, 1, 2, 35, 17, 33, 45, 46, 15, 16, 34, 47]
---->1580,[0, 1, 2, 35, 33, 34, 45, 47]
1532,2,[0, 1, 2, 35, 33, 34, 46, 15, 16, 17][45, 47]
---->1562,[0, 1, 2, 35, 17, 33, 45, 46, 15, 16, 34, 47]
1500,1,[0, 1, 2, 35, 17, 33, 45, 46, 15, 16, 34, 47]
---->1532,[0, 1, 2, 35, 33, 34, 46, 15, 16, 17]
0,4,[0, 1, 2][16, 17, 15][33, 34, 35][45, 46, 47]
---->1500,[0, 1, 2, 35, 17, 33, 45, 46, 15, 16, 34, 47]
1500,1,[0, 1, 2, 35, 17, 33, 45, 46, 15, 16, 34, 47]
---->1532,[45, 47]
1562,1,[0, 1, 2, 35, 17, 33, 45, 46, 15, 16, 34, 47]
---->1580,[16, 17, 46, 15]
1589,1,[0, 1, 2, 35, 17, 33, 45, 46, 15, 16, 34, 47]
---->1701,[16, 17, 46, 15]
1706,1,[0, 1, 2, 35, 17, 33, 45, 46, 15, 16, 34, 47]
---->1767,[16, 17, 46, 15]
1769,1,[0, 1, 2, 35, 17, 33, 45, 46, 15, 16, 34, 47]
---->1831,[1]
1835,1,[0, 1, 2, 35, 17, 33, 45, 46, 15, 16, 34, 47]
---->1857,[1]
1526,1,[32, 3, 5, 56, 30, 31]
---->1859,[32, 3, 5, 56, 30, 31]
1508,2,[3, 5][32, 56, 30, 31]
---->1526,[32, 3, 5, 56, 30, 31]
1500,1,[32, 3, 5, 56, 30, 31]
---->1508,[3, 5]
290,3,[3, 4, 5][32, 30, 31][56, 54, 55]
---->1500,[32, 3, 5, 56, 30, 31]
0,1,[3, 4, 5]
---->290,[3, 4, 5]
275,2,[32, 30][31]
---->290,[32, 30, 31]
0,1,[32, 30, 31]
---->275,[32, 30]
0,1,[32, 30, 31]
---->275,[31]
0,1,[56, 54, 55]
---->290,[56, 54, 55]
1500,1,[32, 3, 5, 56, 30, 31]
---->1508,[32, 56, 30, 31]
0,1,[8, 6, 7]
---->1859,[8, 6, 7]
1726,1,[9, 10, 23]
---->1859,[9, 10, 23]
1598,1,[69, 70, 71, 9, 10, 21, 22, 23]
---->1726,[9, 10, 23]
1574,1,[36, 38, 70, 71, 9, 10, 11, 21, 22, 23, 37, 69]
---->1598,[69, 70, 71, 9, 10, 21, 22, 23]
1570,2,[36, 38, 70, 71, 9, 10, 11, 21, 22, 23, 69][37]
---->1574,[36, 38, 70, 71, 9, 10, 11, 21, 22, 23, 37, 69]
1566,2,[36, 69, 38, 71, 9, 10, 11, 21, 22, 23][70]
---->1570,[36, 38, 70, 71, 9, 10, 11, 21, 22, 23, 69]
1546,1,[36, 38, 70, 71, 9, 10, 11, 21, 22, 23, 37, 69]
---->1566,[36, 69, 38, 71, 9, 10, 11, 21, 22, 23]
1536,2,[36, 69, 38, 71, 9, 10, 11, 21, 22, 23, 37][70]
---->1546,[36, 38, 70, 71, 9, 10, 11, 21, 22, 23, 37, 69]
1514,1,[36, 37, 38, 71, 9, 10, 11, 21, 22, 23, 70, 69]
---->1536,[36, 69, 38, 71, 9, 10, 11, 21, 22, 23, 37]
1502,2,[36, 37, 38, 71, 9, 10, 11, 21, 22, 23, 69][70]
---->1514,[36, 37, 38, 71, 9, 10, 11, 21, 22, 23, 70, 69]
1500,1,[36, 37, 38, 71, 9, 10, 11, 21, 22, 23, 70, 69]
---->1502,[36, 37, 38, 71, 9, 10, 11, 21, 22, 23, 69]
0,4,[9, 10, 11][21, 22, 23][36, 37, 38][69, 70, 71]
---->1500,[36, 37, 38, 71, 9, 10, 11, 21, 22, 23, 70, 69]
1500,1,[36, 37, 38, 71, 9, 10, 11, 21, 22, 23, 70, 69]
---->1502,[70]
1514,1,[36, 37, 38, 71, 9, 10, 11, 21, 22, 23, 70, 69]
---->1536,[70]
1546,1,[36, 38, 70, 71, 9, 10, 11, 21, 22, 23, 37, 69]
---->1566,[70]
1566,1,[37]
---->1570,[37]
1546,1,[36, 38, 70, 71, 9, 10, 11, 21, 22, 23, 37, 69]
---->1566,[37]
0,1,[12, 13, 14]
---->1859,[12, 13, 14]
1821,1,[71, 69, 70, 21]
---->1859,[71, 69, 70, 21]
1726,1,[71, 70, 69, 22, 21]
---->1821,[71, 69, 70, 21]
1598,1,[69, 70, 71, 9, 10, 21, 22, 23]
---->1726,[71, 70, 69, 22, 21]
0,1,[42, 43, 44]
---->1859,[42, 43, 44]
0,1,[51, 52, 53]
---->1859,[51, 52, 53]
