0,2,[0, 59, 44][1, 54, 49]
---->1528,[0, 1, 44, 49, 54, 59]
0,1,[3, 36, 47, 51, 58, 63]
---->1500,[51, 3, 36, 47, 63]
0,1,[35, 70, 7, 42, 13, 24]
---->1038,[35, 70, 7, 42, 13, 24]
0,1,[3, 36, 47, 51, 58, 63]
---->1038,[3, 36, 47, 51, 58, 63]
0,2,[65, 2, 6, 39, 9, 52, 53, 56, 25, 29][48, 50, 30]
---->156,[65, 2, 6, 39, 9, 48, 50, 52, 53, 56, 25, 29, 30]
0,2,[65, 2, 6, 39, 9, 52, 53, 56, 25, 29][48, 50, 30]
---->63,[65, 2, 6, 39, 9, 48, 50, 52, 53, 56, 25, 29, 30]
0,2,[65, 2, 6, 39, 9, 52, 53, 56, 25, 29][48, 50, 30]
---->101,[65, 2, 6, 39, 9, 48, 50, 52, 53, 56, 25, 29, 30]
63,1,[65, 2, 6, 39, 9, 48, 50, 52, 53, 56, 25, 29, 30]
---->111,[65, 2, 6, 39, 9, 52, 53, 56, 25, 29]
101,1,[65, 2, 6, 39, 9, 48, 50, 52, 53, 56, 25, 29, 30]
---->111,[48, 50, 30]
111,1,[65, 2, 6, 39, 9, 52, 53, 56, 25, 29]
---->123,[65, 2, 6, 39, 9, 52, 53, 56, 25, 29]
111,1,[48, 50, 30]
---->123,[48, 50, 30]
123,2,[65, 2, 6, 39, 9, 52, 53, 56, 25, 29][48, 50, 30]
---->185,[2, 39, 48, 50, 56, 25, 30]
156,1,[65, 2, 6, 39, 9, 48, 50, 52, 53, 56, 25, 29, 30]
---->205,[65, 2, 6, 39, 9, 52, 53, 56, 25, 29]
185,1,[2, 39, 48, 50, 56, 25, 30]
---->191,[48, 50, 30]
191,1,[48, 50, 30]
---->205,[48, 50, 30]
191,1,[48, 50, 30]
---->207,[48, 50, 30]
205,2,[65, 2, 6, 39, 9, 52, 53, 56, 25, 29][48, 50, 30]
---->218,[65, 2, 6, 39, 9, 48, 50, 52, 53, 56, 25, 29, 30]
205,1,[65, 2, 6, 39, 9, 52, 53, 56, 25, 29]
---->207,[65, 2, 6, 39, 9, 52, 56, 25, 29]
207,2,[65, 2, 6, 39, 9, 52, 56, 25, 29][48, 50, 30]
---->258,[48, 50, 30, 39]
218,1,[65, 2, 6, 39, 9, 48, 50, 52, 53, 56, 25, 29, 30]
---->288,[65, 2, 6, 39, 9, 52, 53, 56, 25, 29]
258,1,[48, 50, 30, 39]
---->263,[48, 50, 30]
263,1,[48, 50, 30]
---->288,[48, 50, 30]
288,2,[65, 2, 6, 39, 9, 52, 53, 56, 25, 29][48, 50, 30]
---->312,[65, 2, 6, 39, 9, 48, 50, 52, 53, 56, 25, 29, 30]
288,2,[65, 2, 6, 39, 9, 52, 53, 56, 25, 29][48, 50, 30]
---->319,[48, 50, 53, 30, 39]
312,1,[65, 2, 6, 39, 9, 48, 50, 52, 53, 56, 25, 29, 30]
---->345,[65, 2, 6, 39, 9, 52, 53, 56, 25, 29]
312,1,[65, 2, 6, 39, 9, 48, 50, 52, 53, 56, 25, 29, 30]
---->318,[56, 25, 2]
318,1,[56, 25, 2]
---->319,[56, 25, 2]
319,2,[56, 25, 2][48, 50, 53, 30, 39]
---->341,[2, 39, 48, 50, 53, 56, 25, 30]
341,1,[2, 39, 48, 50, 53, 56, 25, 30]
---->343,[48, 50, 30]
343,1,[48, 50, 30]
---->355,[48, 50, 30]
343,1,[48, 50, 30]
---->345,[48, 50, 30]
345,1,[65, 2, 6, 39, 9, 52, 53, 56, 25, 29]
---->422,[65, 2, 6, 39, 9, 52, 53, 56, 25, 29]
345,1,[65, 2, 6, 39, 9, 52, 53, 56, 25, 29]
---->355,[65, 2, 6, 39, 9, 52, 53, 56, 25, 29]
345,2,[65, 2, 6, 39, 9, 52, 53, 56, 25, 29][48, 50, 30]
---->391,[48, 50, 53, 30, 39]
355,2,[65, 2, 6, 39, 9, 52, 53, 56, 25, 29][48, 50, 30]
---->370,[65, 2, 6, 39, 9, 48, 50, 52, 56, 25, 29, 30]
370,1,[65, 2, 6, 39, 9, 48, 50, 52, 56, 25, 29, 30]
---->377,[56, 25, 2]
377,1,[56, 25, 2]
---->391,[56, 25, 2]
391,2,[56, 25, 2][48, 50, 53, 30, 39]
---->401,[2, 39, 48, 50, 53, 56, 25, 30]
401,1,[2, 39, 48, 50, 53, 56, 25, 30]
---->411,[48, 50, 30]
411,1,[48, 50, 30]
---->422,[48, 50, 30]
422,2,[65, 2, 6, 39, 9, 52, 53, 56, 25, 29][48, 50, 30]
---->439,[65, 2, 6, 39, 9, 48, 50, 52, 53, 56, 25, 29, 30]
422,2,[65, 2, 6, 39, 9, 52, 53, 56, 25, 29][48, 50, 30]
---->459,[48, 50, 53, 30, 39]
439,1,[65, 2, 6, 39, 9, 48, 50, 52, 53, 56, 25, 29, 30]
---->477,[65, 2, 6, 39, 9, 52, 53, 56, 25, 29]
439,1,[65, 2, 6, 39, 9, 48, 50, 52, 53, 56, 25, 29, 30]
---->448,[56, 25, 2]
448,1,[56, 25, 2]
---->459,[56, 25, 2]
459,2,[56, 25, 2][48, 50, 53, 30, 39]
---->462,[2, 39, 48, 50, 53, 56, 25, 30]
462,1,[2, 39, 48, 50, 53, 56, 25, 30]
---->469,[48, 50, 30]
469,1,[48, 50, 30]
---->505,[48, 50, 30]
477,1,[65, 2, 6, 39, 9, 52, 53, 56, 25, 29]
---->505,[56, 25, 2]
477,1,[65, 2, 6, 39, 9, 52, 53, 56, 25, 29]
---->505,[65, 6, 39, 9, 52, 53, 29]
505,1,[56, 25, 2]
---->507,[56, 25, 2]
505,2,[65, 6, 39, 9, 52, 53, 29][48, 50, 30]
---->507,[65, 6, 39, 9, 48, 50, 52, 53, 29, 30]
507,2,[56, 25, 2][65, 6, 39, 9, 48, 50, 52, 53, 29, 30]
---->527,[65, 2, 6, 39, 9, 48, 50, 52, 53, 56, 25, 29, 30]
507,2,[56, 25, 2][65, 6, 39, 9, 48, 50, 52, 53, 29, 30]
---->592,[2, 39, 48, 50, 53, 56, 25, 30]
507,2,[56, 25, 2][65, 6, 39, 9, 48, 50, 52, 53, 29, 30]
---->529,[2, 39, 48, 50, 53, 56, 25, 30]
527,1,[65, 2, 6, 39, 9, 48, 50, 52, 53, 56, 25, 29, 30]
---->729,[65, 2, 6, 39, 9, 52, 53, 56, 25, 29]
527,1,[65, 2, 6, 39, 9, 48, 50, 52, 53, 56, 25, 29, 30]
---->529,[9, 52, 29, 6, 65]
529,2,[2, 39, 48, 50, 53, 56, 25, 30][9, 52, 29, 6, 65]
---->557,[65, 2, 6, 39, 9, 48, 50, 52, 53, 56, 25, 29, 30]
529,2,[2, 39, 48, 50, 53, 56, 25, 30][9, 52, 29, 6, 65]
---->567,[65, 6, 39, 9, 48, 50, 52, 53, 29, 30]
529,2,[2, 39, 48, 50, 53, 56, 25, 30][9, 52, 29, 6, 65]
---->633,[65, 6, 39, 9, 48, 50, 52, 53, 29, 30]
529,2,[2, 39, 48, 50, 53, 56, 25, 30][9, 52, 29, 6, 65]
---->635,[65, 6, 39, 9, 48, 50, 52, 53, 29, 30]
557,1,[65, 2, 6, 39, 9, 48, 50, 52, 53, 56, 25, 29, 30]
---->567,[56, 25, 2]
567,2,[56, 25, 2][65, 6, 39, 9, 48, 50, 52, 53, 29, 30]
---->591,[65, 2, 6, 39, 9, 48, 50, 52, 53, 56, 25, 29, 30]
591,1,[65, 2, 6, 39, 9, 48, 50, 52, 53, 56, 25, 29, 30]
---->592,[9, 52, 29, 6, 65]
592,2,[2, 39, 48, 50, 53, 56, 25, 30][9, 52, 29, 6, 65]
---->613,[65, 2, 6, 39, 9, 48, 50, 52, 53, 56, 25, 29, 30]
613,1,[65, 2, 6, 39, 9, 48, 50, 52, 53, 56, 25, 29, 30]
---->633,[56, 25, 2]
633,1,[56, 25, 2]
---->651,[56, 25, 2]
633,1,[65, 6, 39, 9, 48, 50, 52, 53, 29, 30]
---->642,[65, 6, 39, 9, 52, 53, 29]
635,1,[65, 6, 39, 9, 48, 50, 52, 53, 29, 30]
---->642,[48, 50, 30]
642,2,[65, 6, 39, 9, 52, 53, 29][48, 50, 30]
---->651,[48, 50, 53, 30, 39]
651,2,[56, 25, 2][48, 50, 53, 30, 39]
---->711,[2, 39, 48, 50, 53, 56, 25, 30]
711,1,[2, 39, 48, 50, 53, 56, 25, 30]
---->727,[48, 50, 30]
727,1,[48, 50, 30]
---->729,[48, 50, 30]
729,2,[65, 2, 6, 39, 9, 52, 53, 56, 25, 29][48, 50, 30]
---->818,[65, 2, 6, 39, 9, 48, 50, 52, 53, 56, 25, 29, 30]
729,2,[65, 2, 6, 39, 9, 52, 53, 56, 25, 29][48, 50, 30]
---->747,[65, 2, 6, 39, 9, 48, 50, 52, 53, 56, 25, 29, 30]
729,2,[65, 2, 6, 39, 9, 52, 53, 56, 25, 29][48, 50, 30]
---->761,[65, 2, 6, 39, 9, 48, 50, 52, 53, 56, 25, 29, 30]
747,1,[65, 2, 6, 39, 9, 48, 50, 52, 53, 56, 25, 29, 30]
---->775,[65, 2, 6, 39, 9, 52, 53, 56, 25, 29]
761,1,[65, 2, 6, 39, 9, 48, 50, 52, 53, 56, 25, 29, 30]
---->775,[48, 50, 30]
775,1,[65, 2, 6, 39, 9, 52, 53, 56, 25, 29]
---->804,[65, 2, 6, 39, 9, 52, 53, 56, 25, 29]
775,1,[48, 50, 30]
---->804,[48, 50, 30]
804,2,[65, 2, 6, 39, 9, 52, 53, 56, 25, 29][48, 50, 30]
---->844,[2, 39, 48, 50, 53, 56, 25, 30]
818,1,[65, 2, 6, 39, 9, 48, 50, 52, 53, 56, 25, 29, 30]
---->863,[65, 2, 6, 39, 9, 52, 53, 56, 25, 29]
844,1,[2, 39, 48, 50, 53, 56, 25, 30]
---->851,[48, 50, 30]
851,1,[48, 50, 30]
---->863,[48, 50, 30]
851,1,[48, 50, 30]
---->872,[48, 50, 30]
863,2,[65, 2, 6, 39, 9, 52, 53, 56, 25, 29][48, 50, 30]
---->877,[65, 2, 6, 39, 9, 48, 50, 52, 53, 56, 25, 29, 30]
863,1,[65, 2, 6, 39, 9, 52, 53, 56, 25, 29]
---->872,[65, 2, 6, 39, 9, 52, 53, 56, 25, 29]
863,2,[65, 2, 6, 39, 9, 52, 53, 56, 25, 29][48, 50, 30]
---->936,[65, 2, 6, 39, 9, 48, 50, 52, 53, 56, 25, 29, 30]
872,2,[65, 2, 6, 39, 9, 52, 53, 56, 25, 29][48, 50, 30]
---->911,[2, 6, 39, 9, 48, 50, 52, 53, 56, 25, 29, 30]
877,1,[65, 2, 6, 39, 9, 48, 50, 52, 53, 56, 25, 29, 30]
---->914,[65, 2, 6, 39, 9, 52, 53, 56, 25, 29]
911,1,[2, 6, 39, 9, 48, 50, 52, 53, 56, 25, 29, 30]
---->912,[48, 50, 30]
912,1,[48, 50, 30]
---->934,[48, 50, 30]
914,1,[65, 2, 6, 39, 9, 52, 53, 56, 25, 29]
---->931,[2, 6, 39, 9, 52, 53, 56, 25, 29]
931,1,[2, 6, 39, 9, 52, 53, 56, 25, 29]
---->934,[2, 6, 39, 9, 52, 53, 56, 25, 29]
934,2,[2, 6, 39, 9, 52, 53, 56, 25, 29][48, 50, 30]
---->950,[2, 39, 48, 50, 53, 56, 25, 30]
936,1,[65, 2, 6, 39, 9, 48, 50, 52, 53, 56, 25, 29, 30]
---->950,[9, 52, 29, 6, 65]
950,2,[2, 39, 48, 50, 53, 56, 25, 30][9, 52, 29, 6, 65]
---->981,[65, 2, 6, 39, 9, 48, 50, 52, 53, 56, 25, 29, 30]
950,2,[2, 39, 48, 50, 53, 56, 25, 30][9, 52, 29, 6, 65]
---->966,[65, 2, 6, 39, 9, 48, 50, 52, 53, 56, 25, 29, 30]
966,1,[65, 2, 6, 39, 9, 48, 50, 52, 53, 56, 25, 29, 30]
---->983,[48, 50, 30]
981,1,[65, 2, 6, 39, 9, 48, 50, 52, 53, 56, 25, 29, 30]
---->983,[65, 2, 6, 39, 9, 52, 53, 56, 25, 29]
983,1,[65, 2, 6, 39, 9, 52, 53, 56, 25, 29]
---->1020,[65, 2, 6, 39, 9, 52, 53, 56, 25, 29]
983,1,[65, 2, 6, 39, 9, 52, 53, 56, 25, 29]
---->1003,[56, 25, 2, 53, 39]
983,1,[48, 50, 30]
---->1003,[48, 50, 30]
1003,2,[56, 25, 2, 53, 39][48, 50, 30]
---->1010,[2, 39, 48, 50, 53, 56, 25, 30]
1010,1,[2, 39, 48, 50, 53, 56, 25, 30]
---->1019,[48, 50, 30]
1019,1,[48, 50, 30]
---->1020,[48, 50, 30]
1020,2,[65, 2, 6, 39, 9, 52, 53, 56, 25, 29][48, 50, 30]
---->1179,[65, 2, 6, 39, 9, 48, 50, 52, 53, 56, 25, 29, 30]
1020,2,[65, 2, 6, 39, 9, 52, 53, 56, 25, 29][48, 50, 30]
---->1126,[65, 2, 6, 39, 9, 48, 50, 52, 53, 56, 25, 29, 30]
1038,1,[35, 70, 7, 42, 13, 24]
---->1500,[24, 42, 7]
1038,2,[3, 36, 47, 51, 58, 63][35, 70, 7, 42, 13, 24]
---->1500,[58, 35, 13, 70]
1126,1,[65, 2, 6, 39, 9, 48, 50, 52, 53, 56, 25, 29, 30]
---->1128,[65, 2, 6, 39, 9, 52, 53, 56, 25, 29]
1126,1,[65, 2, 6, 39, 9, 48, 50, 52, 53, 56, 25, 29, 30]
---->1128,[48, 50, 30]
1128,1,[65, 2, 6, 39, 9, 52, 53, 56, 25, 29]
---->1147,[65, 2, 6, 39, 9, 52, 53, 56, 25, 29]
1128,1,[48, 50, 30]
---->1147,[48, 50, 30]
1147,2,[65, 2, 6, 39, 9, 52, 53, 56, 25, 29][48, 50, 30]
---->1207,[65, 6, 39, 9, 48, 50, 52, 53, 29, 30]
1179,1,[65, 2, 6, 39, 9, 48, 50, 52, 53, 56, 25, 29, 30]
---->1233,[65, 2, 6, 39, 9, 52, 53, 56, 25, 29]
1179,1,[65, 2, 6, 39, 9, 48, 50, 52, 53, 56, 25, 29, 30]
---->1207,[56, 25, 2]
1207,2,[56, 25, 2][65, 6, 39, 9, 48, 50, 52, 53, 29, 30]
---->1222,[65, 2, 6, 39, 9, 48, 50, 52, 53, 56, 25, 29, 30]
1222,1,[65, 2, 6, 39, 9, 48, 50, 52, 53, 56, 25, 29, 30]
---->1233,[48, 50, 30]
1233,2,[65, 2, 6, 39, 9, 52, 53, 56, 25, 29][48, 50, 30]
---->1500,[65, 2, 6, 39, 9, 48, 50, 52, 53, 56, 25, 29, 30]
1233,2,[65, 2, 6, 39, 9, 52, 53, 56, 25, 29][48, 50, 30]
---->1505,[2, 39, 48, 50, 53, 56, 25, 30]
1500,1,[51, 3, 36, 47, 63]
---->1895,[51, 3, 36, 47, 63]
1500,2,[24, 42, 7][58, 35, 13, 70]
---->1939,[58, 35, 13, 70, 7]
1500,2,[24, 42, 7][58, 35, 13, 70]
---->1991,[58, 35, 13, 7]
1500,1,[65, 2, 6, 39, 9, 48, 50, 52, 53, 56, 25, 29, 30]
---->1566,[65, 2, 6, 39, 9, 52, 53, 56, 25, 29]
1500,1,[65, 2, 6, 39, 9, 48, 50, 52, 53, 56, 25, 29, 30]
---->1505,[9, 52, 29, 6, 65]
1505,2,[2, 39, 48, 50, 53, 56, 25, 30][9, 52, 29, 6, 65]
---->1534,[65, 2, 6, 39, 9, 48, 50, 52, 53, 56, 25, 29, 30]
1505,2,[2, 39, 48, 50, 53, 56, 25, 30][9, 52, 29, 6, 65]
---->1543,[65, 6, 39, 9, 48, 50, 52, 53, 29, 30]
1528,1,[0, 1, 44, 49, 54, 59]
---->1554,[0, 59, 44]
1534,1,[65, 2, 6, 39, 9, 48, 50, 52, 53, 56, 25, 29, 30]
---->1543,[56, 25, 2]
1543,2,[56, 25, 2][65, 6, 39, 9, 48, 50, 52, 53, 29, 30]
---->1560,[65, 2, 6, 39, 9, 48, 50, 52, 53, 56, 25, 29, 30]
1554,1,[0, 59, 44]
---->2011,[0, 59, 44]
1554,1,[0, 59, 44]
---->2748,[0, 59, 44]
1560,1,[65, 2, 6, 39, 9, 48, 50, 52, 53, 56, 25, 29, 30]
---->1566,[48, 50, 30]
1566,2,[65, 2, 6, 39, 9, 52, 53, 56, 25, 29][48, 50, 30]
---->1634,[65, 2, 6, 39, 9, 48, 50, 52, 53, 56, 25, 29, 30]
1634,1,[65, 2, 6, 39, 9, 48, 50, 52, 53, 56, 25, 29, 30]
---->1646,[65, 2, 6, 39, 9, 52, 53, 56, 25, 29]
1634,1,[65, 2, 6, 39, 9, 48, 50, 52, 53, 56, 25, 29, 30]
---->1646,[48, 50, 30]
1646,1,[65, 2, 6, 39, 9, 52, 53, 56, 25, 29]
---->1673,[56, 25, 2]
1646,1,[65, 2, 6, 39, 9, 52, 53, 56, 25, 29]
---->1673,[65, 6, 39, 9, 52, 53, 29]
1646,1,[48, 50, 30]
---->1673,[48, 50, 30]
1673,1,[56, 25, 2]
---->1678,[56, 25, 2]
1673,2,[65, 6, 39, 9, 52, 53, 29][48, 50, 30]
---->1678,[65, 6, 39, 9, 48, 50, 52, 53, 29, 30]
1678,2,[56, 25, 2][65, 6, 39, 9, 48, 50, 52, 53, 29, 30]
---->1704,[65, 2, 6, 39, 9, 48, 50, 52, 53, 56, 25, 29, 30]
1678,2,[56, 25, 2][65, 6, 39, 9, 48, 50, 52, 53, 29, 30]
---->1713,[2, 39, 48, 50, 53, 56, 25, 30]
1704,1,[65, 2, 6, 39, 9, 48, 50, 52, 53, 56, 25, 29, 30]
---->1803,[65, 2, 6, 39, 9, 52, 53, 56, 25, 29]
1704,1,[65, 2, 6, 39, 9, 48, 50, 52, 53, 56, 25, 29, 30]
---->1756,[65, 6, 39, 9, 52, 53, 29]
1713,1,[2, 39, 48, 50, 53, 56, 25, 30]
---->1739,[56, 25, 2, 53, 39]
1713,1,[2, 39, 48, 50, 53, 56, 25, 30]
---->1739,[48, 50, 30]
1739,1,[56, 25, 2, 53, 39]
---->1753,[56, 25, 2]
1739,1,[48, 50, 30]
---->1756,[48, 50, 30]
1753,1,[56, 25, 2]
---->1776,[56, 25, 2]
1756,2,[65, 6, 39, 9, 52, 53, 29][48, 50, 30]
---->1776,[48, 50, 53, 30, 39]
1756,2,[65, 6, 39, 9, 52, 53, 29][48, 50, 30]
---->1768,[65, 6, 39, 9, 48, 50, 52, 53, 29, 30]
1768,1,[65, 6, 39, 9, 48, 50, 52, 53, 29, 30]
---->1776,[9, 52, 29, 6, 65]
1776,2,[56, 25, 2][48, 50, 53, 30, 39]
---->1785,[2, 39, 48, 50, 53, 56, 25, 30]
1776,1,[9, 52, 29, 6, 65]
---->1785,[9, 52, 29, 6, 65]
1785,2,[2, 39, 48, 50, 53, 56, 25, 30][9, 52, 29, 6, 65]
---->1798,[65, 2, 6, 39, 9, 48, 50, 52, 53, 56, 25, 29, 30]
1798,1,[65, 2, 6, 39, 9, 48, 50, 52, 53, 56, 25, 29, 30]
---->1803,[48, 50, 30]
1803,2,[65, 2, 6, 39, 9, 52, 53, 56, 25, 29][48, 50, 30]
---->1825,[65, 2, 6, 39, 9, 48, 50, 52, 53, 56, 25, 29, 30]
1803,2,[65, 2, 6, 39, 9, 52, 53, 56, 25, 29][48, 50, 30]
---->1830,[48, 50, 53, 30, 39]
1803,2,[65, 2, 6, 39, 9, 52, 53, 56, 25, 29][48, 50, 30]
---->1826,[65, 6, 39, 9, 48, 50, 52, 53, 29, 30]
1825,1,[65, 2, 6, 39, 9, 48, 50, 52, 53, 56, 25, 29, 30]
---->1988,[65, 2, 6, 39, 9, 52, 53, 56, 25, 29]
1825,1,[65, 2, 6, 39, 9, 48, 50, 52, 53, 56, 25, 29, 30]
---->1826,[56, 25, 2]
1826,1,[56, 25, 2]
---->1830,[56, 25, 2]
1826,1,[65, 6, 39, 9, 48, 50, 52, 53, 29, 30]
---->1830,[9, 52, 29, 6, 65]
1830,2,[56, 25, 2][48, 50, 53, 30, 39]
---->1851,[2, 39, 48, 50, 53, 56, 25, 30]
1830,1,[9, 52, 29, 6, 65]
---->1851,[9, 52, 29, 6, 65]
1851,2,[2, 39, 48, 50, 53, 56, 25, 30][9, 52, 29, 6, 65]
---->1868,[65, 2, 6, 39, 9, 48, 50, 52, 53, 56, 25, 29, 30]
1851,2,[2, 39, 48, 50, 53, 56, 25, 30][9, 52, 29, 6, 65]
---->1885,[65, 6, 39, 9, 48, 50, 52, 53, 29, 30]
1868,1,[65, 2, 6, 39, 9, 48, 50, 52, 53, 56, 25, 29, 30]
---->1885,[56, 25, 2]
1885,2,[56, 25, 2][65, 6, 39, 9, 48, 50, 52, 53, 29, 30]
---->1957,[2, 39, 48, 50, 53, 56, 25, 30]
1895,1,[51, 3, 36, 47, 63]
---->1939,[3, 36, 63]
1939,2,[3, 36, 63][58, 35, 13, 70, 7]
---->1991,[3, 36, 70, 63]
1957,1,[2, 39, 48, 50, 53, 56, 25, 30]
---->1979,[48, 50, 30]
1979,1,[48, 50, 30]
---->2002,[48, 50, 30]
1988,1,[65, 2, 6, 39, 9, 52, 53, 56, 25, 29]
---->2002,[56, 25, 2]
1988,1,[65, 2, 6, 39, 9, 52, 53, 56, 25, 29]
---->2002,[65, 6, 39, 9, 52, 53, 29]
1991,2,[3, 36, 70, 63][58, 35, 13, 7]
---->2011,[58, 35, 70, 7]
1991,2,[3, 36, 70, 63][58, 35, 13, 7]
---->2748,[58, 35, 70, 7]
2002,1,[56, 25, 2]
---->2007,[56, 25, 2]
2002,2,[65, 6, 39, 9, 52, 53, 29][48, 50, 30]
---->2007,[65, 6, 39, 9, 48, 50, 52, 53, 29, 30]
2007,2,[56, 25, 2][65, 6, 39, 9, 48, 50, 52, 53, 29, 30]
---->2012,[65, 2, 6, 39, 9, 48, 50, 52, 53, 56, 25, 29, 30]
2007,2,[56, 25, 2][65, 6, 39, 9, 48, 50, 52, 53, 29, 30]
---->2021,[2, 39, 48, 50, 53, 56, 25, 30]
2011,2,[0, 59, 44][58, 35, 70, 7]
---->7853,[0, 59, 44, 70]
2012,1,[65, 2, 6, 39, 9, 48, 50, 52, 53, 56, 25, 29, 30]
---->2064,[65, 2, 6, 39, 9, 52, 53, 56, 25, 29]
2021,1,[2, 39, 48, 50, 53, 56, 25, 30]
---->2049,[48, 50, 30]
2049,1,[48, 50, 30]
---->2064,[48, 50, 30]
2064,2,[65, 2, 6, 39, 9, 52, 53, 56, 25, 29][48, 50, 30]
---->2088,[65, 2, 6, 39, 9, 48, 50, 52, 53, 56, 25, 29, 30]
2064,2,[65, 2, 6, 39, 9, 52, 53, 56, 25, 29][48, 50, 30]
---->2093,[2, 39, 48, 50, 53, 56, 25, 30]
2064,2,[65, 2, 6, 39, 9, 52, 53, 56, 25, 29][48, 50, 30]
---->2100,[48, 50, 53, 30, 39]
2088,1,[65, 2, 6, 39, 9, 48, 50, 52, 53, 56, 25, 29, 30]
---->2125,[65, 2, 6, 39, 9, 52, 53, 56, 25, 29]
2088,1,[65, 2, 6, 39, 9, 48, 50, 52, 53, 56, 25, 29, 30]
---->2093,[9, 52, 29, 6, 65]
2093,1,[2, 39, 48, 50, 53, 56, 25, 30]
---->2100,[56, 25, 2]
2093,1,[9, 52, 29, 6, 65]
---->2100,[9, 52, 29, 6, 65]
2100,1,[56, 25, 2]
---->2106,[56, 25, 2]
2100,2,[9, 52, 29, 6, 65][48, 50, 53, 30, 39]
---->2106,[65, 6, 39, 9, 48, 50, 52, 53, 29, 30]
2106,2,[56, 25, 2][65, 6, 39, 9, 48, 50, 52, 53, 29, 30]
---->2111,[65, 2, 6, 39, 9, 48, 50, 52, 53, 56, 25, 29, 30]
2111,1,[65, 2, 6, 39, 9, 48, 50, 52, 53, 56, 25, 29, 30]
---->2125,[48, 50, 30]
2125,1,[65, 2, 6, 39, 9, 52, 53, 56, 25, 29]
---->2137,[56, 25, 2, 53, 39]
2125,1,[48, 50, 30]
---->2137,[48, 50, 30]
2125,1,[65, 2, 6, 39, 9, 52, 53, 56, 25, 29]
---->2137,[9, 52, 29, 6, 65]
2137,2,[56, 25, 2, 53, 39][48, 50, 30]
---->2148,[2, 39, 48, 50, 53, 56, 25, 30]
2137,1,[9, 52, 29, 6, 65]
---->2148,[9, 52, 29, 6, 65]
2148,2,[2, 39, 48, 50, 53, 56, 25, 30][9, 52, 29, 6, 65]
---->2156,[65, 2, 6, 39, 9, 48, 50, 52, 53, 56, 25, 29, 30]
2148,2,[2, 39, 48, 50, 53, 56, 25, 30][9, 52, 29, 6, 65]
---->2160,[65, 6, 39, 9, 48, 50, 52, 53, 29, 30]
2156,1,[65, 2, 6, 39, 9, 48, 50, 52, 53, 56, 25, 29, 30]
---->2201,[65, 2, 6, 39, 9, 52, 53, 56, 25, 29]
2156,1,[65, 2, 6, 39, 9, 48, 50, 52, 53, 56, 25, 29, 30]
---->2160,[56, 25, 2]
2160,2,[56, 25, 2][65, 6, 39, 9, 48, 50, 52, 53, 29, 30]
---->2178,[2, 39, 48, 50, 53, 56, 25, 30]
2160,2,[56, 25, 2][65, 6, 39, 9, 48, 50, 52, 53, 29, 30]
---->2172,[65, 2, 6, 39, 9, 48, 50, 52, 53, 56, 25, 29, 30]
2172,1,[65, 2, 6, 39, 9, 48, 50, 52, 53, 56, 25, 29, 30]
---->2178,[9, 52, 29, 6, 65]
2178,2,[2, 39, 48, 50, 53, 56, 25, 30][9, 52, 29, 6, 65]
---->2192,[65, 2, 6, 39, 9, 48, 50, 52, 53, 56, 25, 29, 30]
2192,1,[65, 2, 6, 39, 9, 48, 50, 52, 53, 56, 25, 29, 30]
---->2201,[48, 50, 30]
2201,2,[65, 2, 6, 39, 9, 52, 53, 56, 25, 29][48, 50, 30]
---->2285,[65, 2, 6, 39, 9, 48, 50, 52, 53, 56, 25, 29, 30]
2201,2,[65, 2, 6, 39, 9, 52, 53, 56, 25, 29][48, 50, 30]
---->2297,[65, 6, 39, 9, 48, 50, 52, 53, 29, 30]
2285,1,[65, 2, 6, 39, 9, 48, 50, 52, 53, 56, 25, 29, 30]
---->2314,[65, 2, 6, 39, 9, 52, 53, 56, 25, 29]
2285,1,[65, 2, 6, 39, 9, 48, 50, 52, 53, 56, 25, 29, 30]
---->2297,[56, 25, 2]
2297,2,[56, 25, 2][65, 6, 39, 9, 48, 50, 52, 53, 29, 30]
---->2310,[65, 2, 6, 39, 9, 48, 50, 52, 53, 56, 25, 29, 30]
2310,1,[65, 2, 6, 39, 9, 48, 50, 52, 53, 56, 25, 29, 30]
---->2314,[48, 50, 30]
2314,1,[65, 2, 6, 39, 9, 52, 53, 56, 25, 29]
---->2320,[56, 25, 2, 53, 39]
2314,1,[48, 50, 30]
---->2320,[48, 50, 30]
2314,1,[65, 2, 6, 39, 9, 52, 53, 56, 25, 29]
---->2320,[9, 52, 29, 6, 65]
2320,2,[56, 25, 2, 53, 39][48, 50, 30]
---->2321,[2, 39, 48, 50, 53, 56, 25, 30]
2320,1,[9, 52, 29, 6, 65]
---->2321,[9, 52, 29, 6, 65]
2321,2,[2, 39, 48, 50, 53, 56, 25, 30][9, 52, 29, 6, 65]
---->2356,[65, 2, 6, 39, 9, 48, 50, 52, 53, 56, 25, 29, 30]
2356,1,[65, 2, 6, 39, 9, 48, 50, 52, 53, 56, 25, 29, 30]
---->2381,[65, 2, 6, 39, 9, 52, 53, 56, 25, 29]
2356,1,[65, 2, 6, 39, 9, 48, 50, 52, 53, 56, 25, 29, 30]
---->2381,[48, 50, 30]
2381,1,[65, 2, 6, 39, 9, 52, 53, 56, 25, 29]
---->2412,[56, 25, 2, 53, 39]
2381,1,[48, 50, 30]
---->2412,[48, 50, 30]
2381,1,[65, 2, 6, 39, 9, 52, 53, 56, 25, 29]
---->2412,[9, 52, 29, 6, 65]
2412,2,[56, 25, 2, 53, 39][48, 50, 30]
---->2416,[2, 39, 48, 50, 53, 56, 25, 30]
2412,1,[9, 52, 29, 6, 65]
---->2416,[9, 52, 29, 6, 65]
2416,2,[2, 39, 48, 50, 53, 56, 25, 30][9, 52, 29, 6, 65]
---->2432,[65, 2, 6, 39, 9, 48, 50, 52, 53, 56, 25, 29, 30]
2432,1,[65, 2, 6, 39, 9, 48, 50, 52, 53, 56, 25, 29, 30]
---->2449,[65, 2, 6, 39, 9, 52, 53, 56, 25, 29]
2432,1,[65, 2, 6, 39, 9, 48, 50, 52, 53, 56, 25, 29, 30]
---->2449,[48, 50, 30]
2449,2,[65, 2, 6, 39, 9, 52, 53, 56, 25, 29][48, 50, 30]
---->2475,[65, 2, 6, 39, 9, 48, 50, 52, 53, 56, 25, 29, 30]
2449,2,[65, 2, 6, 39, 9, 52, 53, 56, 25, 29][48, 50, 30]
---->2499,[65, 6, 39, 9, 48, 50, 52, 53, 29, 30]
2475,1,[65, 2, 6, 39, 9, 48, 50, 52, 53, 56, 25, 29, 30]
---->2511,[65, 2, 6, 39, 9, 52, 53, 56, 25, 29]
2475,1,[65, 2, 6, 39, 9, 48, 50, 52, 53, 56, 25, 29, 30]
---->2499,[56, 25, 2]
2499,2,[56, 25, 2][65, 6, 39, 9, 48, 50, 52, 53, 29, 30]
---->2500,[65, 2, 6, 39, 9, 48, 50, 52, 53, 56, 25, 29, 30]
2500,1,[65, 2, 6, 39, 9, 48, 50, 52, 53, 56, 25, 29, 30]
---->2511,[48, 50, 30]
2511,2,[65, 2, 6, 39, 9, 52, 53, 56, 25, 29][48, 50, 30]
---->2534,[65, 2, 6, 39, 9, 48, 50, 52, 53, 56, 25, 29, 30]
2534,1,[65, 2, 6, 39, 9, 48, 50, 52, 53, 56, 25, 29, 30]
---->2566,[65, 2, 6, 39, 9, 52, 53, 56, 25, 29]
2534,1,[65, 2, 6, 39, 9, 48, 50, 52, 53, 56, 25, 29, 30]
---->2566,[48, 50, 30]
2566,1,[65, 2, 6, 39, 9, 52, 53, 56, 25, 29]
---->2587,[56, 25, 2, 53, 39]
2566,1,[48, 50, 30]
---->2587,[48, 50, 30]
2566,1,[65, 2, 6, 39, 9, 52, 53, 56, 25, 29]
---->2587,[9, 52, 29, 6, 65]
2587,2,[56, 25, 2, 53, 39][48, 50, 30]
---->2601,[2, 39, 48, 50, 53, 56, 25, 30]
2587,1,[9, 52, 29, 6, 65]
---->2601,[9, 52, 29, 6, 65]
2601,2,[2, 39, 48, 50, 53, 56, 25, 30][9, 52, 29, 6, 65]
---->2605,[65, 2, 6, 39, 9, 48, 50, 52, 53, 56, 25, 29, 30]
2605,1,[65, 2, 6, 39, 9, 48, 50, 52, 53, 56, 25, 29, 30]
---->2637,[65, 2, 6, 39, 9, 52, 53, 56, 25, 29]
2605,1,[65, 2, 6, 39, 9, 48, 50, 52, 53, 56, 25, 29, 30]
---->2637,[48, 50, 30]
2637,2,[65, 2, 6, 39, 9, 52, 53, 56, 25, 29][48, 50, 30]
---->2642,[65, 2, 6, 39, 9, 48, 50, 52, 53, 56, 25, 29, 30]
2637,2,[65, 2, 6, 39, 9, 52, 53, 56, 25, 29][48, 50, 30]
---->2697,[2, 39, 48, 50, 56, 25, 30]
2642,1,[65, 2, 6, 39, 9, 48, 50, 52, 53, 56, 25, 29, 30]
---->2710,[65, 2, 6, 39, 9, 52, 53, 56, 25, 29]
2697,1,[2, 39, 48, 50, 56, 25, 30]
---->2698,[48, 50, 30]
2698,1,[48, 50, 30]
---->2742,[48, 50, 30]
2710,1,[65, 2, 6, 39, 9, 52, 53, 56, 25, 29]
---->2742,[56, 25, 2, 53, 39]
2742,2,[56, 25, 2, 53, 39][48, 50, 30]
---->2748,[2, 39, 48, 50, 53, 56, 25, 30]
2748,3,[0, 59, 44][2, 39, 48, 50, 53, 56, 25, 30][58, 35, 70, 7]
---->7794,[0, 2, 70, 44, 56, 25, 59]
7794,1,[0, 2, 70, 44, 56, 25, 59]
---->7833,[56, 25, 2]
7833,1,[56, 25, 2]
---->7853,[56, 25, 2]
7853,2,[0, 59, 44, 70][56, 25, 2]
---->7894,[0, 56, 2, 59, 44]
