10500,2,[51, 4, 71][40, 41, 58, 39]
---->10522,[4, 39, 40, 41, 51, 58]
9766,2,[50, 51, 4][8, 12, 71]
---->10500,[51, 4, 71]
9760,2,[51, 4, 53][50]
---->9766,[50, 51, 4]
9743,2,[0, 1, 3, 32, 69, 33, 64, 35, 53, 56, 30][50, 51, 4]
---->9760,[51, 4, 53]
9734,2,[0, 1, 3, 32, 69, 33, 64, 35, 56, 30][53]
---->9743,[0, 1, 3, 32, 69, 33, 64, 35, 53, 56, 30]
9241,1,[0, 1, 3, 32, 69, 33, 64, 35, 56, 30]
---->9734,[0, 1, 3, 32, 69, 33, 64, 35, 56, 30]
9235,3,[0, 1, 69, 64][32, 56, 3, 30][33, 35]
---->9241,[0, 1, 3, 32, 69, 33, 64, 35, 56, 30]
9181,1,[0, 1, 3, 69, 32, 64, 35, 56, 33, 30]
---->9235,[0, 1, 69, 64]
9179,2,[0, 1, 35, 69, 33][64, 32, 3, 30, 56]
---->9181,[0, 1, 3, 69, 32, 64, 35, 56, 33, 30]
9176,1,[0, 1, 3, 69, 32, 64, 35, 56, 33, 30]
---->9179,[0, 1, 35, 69, 33]
9175,2,[0, 1, 35, 69, 33][64, 32, 3, 30, 56]
---->9176,[0, 1, 3, 69, 32, 64, 35, 56, 33, 30]
9029,1,[0, 1, 3, 69, 32, 64, 35, 56, 33, 30]
---->9175,[0, 1, 35, 69, 33]
9000,2,[0, 1, 3, 69, 32, 64, 56, 30][33, 35]
---->9029,[0, 1, 3, 69, 32, 64, 35, 56, 33, 30]
7852,2,[0, 1, 3, 32, 69, 7, 71, 35, 56, 33, 30][8, 64, 12]
---->9000,[0, 1, 3, 69, 32, 64, 56, 30]
7818,2,[0, 1, 3, 32, 69, 71, 35, 56, 33, 30][43, 36, 38, 6, 7, 40, 41, 11, 14, 24, 39, 26, 58]
---->7852,[0, 1, 3, 32, 69, 7, 71, 35, 56, 33, 30]
7695,1,[0, 1, 3, 6, 7, 11, 14, 24, 26, 30, 32, 33, 35, 36, 38, 39, 40, 41, 43, 56, 58, 69, 71]
---->7818,[0, 1, 3, 32, 69, 71, 35, 56, 33, 30]
7669,2,[0, 1, 35, 36, 69, 6, 33, 40, 41, 11, 14, 43, 24, 39, 26, 38, 58, 7][32, 56, 3, 30, 71]
---->7695,[0, 1, 3, 6, 7, 11, 14, 24, 26, 30, 32, 33, 35, 36, 38, 39, 40, 41, 43, 56, 58, 69, 71]
7668,1,[0, 1, 3, 6, 7, 11, 14, 24, 26, 30, 32, 33, 35, 36, 38, 39, 40, 41, 43, 56, 58, 69, 71]
---->7669,[0, 1, 35, 36, 69, 6, 33, 40, 41, 11, 14, 43, 24, 39, 26, 38, 58, 7]
7637,2,[0, 1, 3, 36, 69, 6, 32, 71, 14, 11, 43, 35, 56, 24, 7, 33, 38, 26, 30][40, 41, 58, 39]
---->7668,[0, 1, 3, 6, 7, 11, 14, 24, 26, 30, 32, 33, 35, 36, 38, 39, 40, 41, 43, 56, 58, 69, 71]
7500,1,[0, 1, 3, 6, 7, 11, 14, 24, 26, 30, 32, 33, 35, 36, 38, 39, 40, 41, 43, 56, 58, 69, 71]
---->7637,[0, 1, 3, 36, 69, 6, 32, 71, 14, 11, 43, 35, 56, 24, 7, 33, 38, 26, 30]
6384,1,[0, 1, 3, 6, 7, 11, 14, 24, 26, 30, 31, 32, 33, 34, 35, 36, 38, 39, 40, 41, 43, 45, 47, 55, 56, 58, 69, 71]
---->7500,[0, 1, 3, 6, 7, 11, 14, 24, 26, 30, 32, 33, 35, 36, 38, 39, 40, 41, 43, 56, 58, 69, 71]
6372,2,[0, 1, 3, 6, 7, 11, 14, 24, 26, 30, 31, 32, 33, 34, 35, 36, 38, 43, 45, 47, 55, 56, 69, 71][40, 41, 58, 39]
---->6384,[0, 1, 3, 6, 7, 11, 14, 24, 26, 30, 31, 32, 33, 34, 35, 36, 38, 39, 40, 41, 43, 45, 47, 55, 56, 58, 69, 71]
6025,1,[0, 1, 3, 6, 7, 11, 14, 24, 26, 30, 31, 32, 33, 34, 35, 36, 38, 39, 40, 41, 43, 45, 47, 55, 56, 58, 69, 71]
---->6372,[0, 1, 3, 6, 7, 11, 14, 24, 26, 30, 31, 32, 33, 34, 35, 36, 38, 43, 45, 47, 55, 56, 69, 71]
6000,1,[0, 1, 3, 6, 7, 11, 14, 24, 26, 30, 31, 32, 33, 34, 35, 36, 38, 39, 40, 41, 43, 45, 47, 55, 56, 58, 64, 69, 71]
---->6025,[0, 1, 3, 6, 7, 11, 14, 24, 26, 30, 31, 32, 33, 34, 35, 36, 38, 39, 40, 41, 43, 45, 47, 55, 56, 58, 69, 71]
4724,4,[0, 1, 34, 35, 69, 33, 45, 47][32, 3, 71, 56, 30, 31][11, 36, 38, 6, 39, 40, 41, 43, 14, 55, 24, 7, 26, 58][8, 64, 12]
---->6000,[0, 1, 3, 6, 7, 11, 14, 24, 26, 30, 31, 32, 33, 34, 35, 36, 38, 39, 40, 41, 43, 45, 47, 55, 56, 58, 64, 69, 71]
4500,1,[0, 1, 34, 35, 69, 33, 45, 47]
---->4724,[0, 1, 34, 35, 69, 33, 45, 47]
4112,1,[0, 1, 2, 35, 69, 70, 33, 42, 44, 45, 46, 15, 34, 17, 21, 47, 16]
---->4500,[0, 1, 34, 35, 69, 33, 45, 47]
4109,2,[0, 1, 2, 35, 69, 70, 33, 42, 44, 45, 46, 15, 34, 17, 21, 47][16]
---->4112,[0, 1, 2, 35, 69, 70, 33, 42, 44, 45, 46, 15, 34, 17, 21, 47, 16]
3982,1,[0, 1, 2, 35, 69, 70, 33, 42, 44, 45, 46, 15, 34, 17, 21, 47, 16]
---->4109,[0, 1, 2, 35, 69, 70, 33, 42, 44, 45, 46, 15, 34, 17, 21, 47]
3977,2,[0, 1, 2, 35, 69, 70, 33, 42, 44, 45, 46, 15, 34, 17, 21, 47][16]
---->3982,[0, 1, 2, 35, 69, 70, 33, 42, 44, 45, 46, 15, 34, 17, 21, 47, 16]
3959,1,[0, 1, 2, 35, 69, 70, 33, 42, 44, 45, 46, 15, 34, 17, 21, 47, 16]
---->3977,[0, 1, 2, 35, 69, 70, 33, 42, 44, 45, 46, 15, 34, 17, 21, 47]
3952,2,[0, 1, 2, 35, 69, 70, 33, 42, 44, 45, 46, 15, 34, 17, 21, 47][16]
---->3959,[0, 1, 2, 35, 69, 70, 33, 42, 44, 45, 46, 15, 34, 17, 21, 47, 16]
3936,1,[0, 1, 2, 35, 69, 70, 33, 42, 44, 45, 46, 15, 34, 17, 21, 47, 16]
---->3952,[0, 1, 2, 35, 69, 70, 33, 42, 44, 45, 46, 15, 34, 17, 21, 47]
3930,2,[0, 1, 2, 35, 69, 70, 33, 42, 44, 45, 46, 15, 34, 17, 21, 47][16]
---->3936,[0, 1, 2, 35, 69, 70, 33, 42, 44, 45, 46, 15, 34, 17, 21, 47, 16]
3913,1,[0, 1, 2, 35, 69, 70, 33, 42, 44, 45, 46, 15, 34, 17, 21, 47, 16]
---->3930,[0, 1, 2, 35, 69, 70, 33, 42, 44, 45, 46, 15, 34, 17, 21, 47]
3908,2,[0, 1, 2, 35, 69, 70, 33, 42, 44, 45, 46, 15, 34, 17, 21, 47][16]
---->3913,[0, 1, 2, 35, 69, 70, 33, 42, 44, 45, 46, 15, 34, 17, 21, 47, 16]
3892,1,[0, 1, 2, 35, 69, 70, 33, 42, 44, 45, 46, 15, 34, 17, 21, 47, 16]
---->3908,[0, 1, 2, 35, 69, 70, 33, 42, 44, 45, 46, 15, 34, 17, 21, 47]
3883,2,[0, 1, 2, 35, 69, 70, 33, 42, 44, 45, 46, 15, 34, 17, 21, 47][16]
---->3892,[0, 1, 2, 35, 69, 70, 33, 42, 44, 45, 46, 15, 34, 17, 21, 47, 16]
3867,1,[0, 1, 2, 35, 69, 70, 33, 42, 44, 45, 46, 15, 34, 17, 21, 47, 16]
---->3883,[0, 1, 2, 35, 69, 70, 33, 42, 44, 45, 46, 15, 34, 17, 21, 47]
3860,2,[0, 1, 2, 35, 69, 70, 33, 42, 44, 45, 46, 15, 34, 17, 21, 47][16]
---->3867,[0, 1, 2, 35, 69, 70, 33, 42, 44, 45, 46, 15, 34, 17, 21, 47, 16]
3844,1,[0, 1, 2, 35, 69, 70, 33, 42, 44, 45, 46, 15, 34, 17, 21, 47, 16]
---->3860,[0, 1, 2, 35, 69, 70, 33, 42, 44, 45, 46, 15, 34, 17, 21, 47]
3837,2,[0, 1, 2, 35, 69, 70, 33, 42, 44, 45, 46, 15, 34, 17, 21, 47][16]
---->3844,[0, 1, 2, 35, 69, 70, 33, 42, 44, 45, 46, 15, 34, 17, 21, 47, 16]
3820,1,[0, 1, 2, 35, 69, 70, 33, 42, 44, 45, 46, 15, 34, 17, 21, 47, 16]
---->3837,[0, 1, 2, 35, 69, 70, 33, 42, 44, 45, 46, 15, 34, 17, 21, 47]
3816,2,[0, 1, 2, 35, 69, 70, 33, 42, 44, 45, 46, 15, 34, 17, 21, 47][16]
---->3820,[0, 1, 2, 35, 69, 70, 33, 42, 44, 45, 46, 15, 34, 17, 21, 47, 16]
3740,1,[0, 1, 2, 35, 69, 70, 33, 42, 44, 45, 46, 15, 34, 17, 21, 47]
---->3816,[0, 1, 2, 35, 69, 70, 33, 42, 44, 45, 46, 15, 34, 17, 21, 47]
3706,2,[0, 1, 2, 69, 70, 33, 42, 44, 34, 46, 15, 17, 21][35, 45, 47]
---->3740,[0, 1, 2, 35, 69, 70, 33, 42, 44, 45, 46, 15, 34, 17, 21, 47]
3439,1,[0, 1, 2, 35, 69, 70, 33, 42, 44, 45, 46, 15, 34, 17, 21, 47]
---->3706,[0, 1, 2, 69, 70, 33, 42, 44, 34, 46, 15, 17, 21]
3416,2,[0, 1, 2, 35, 69, 70, 33, 42, 44, 34, 46, 15, 17, 21][45, 47]
---->3439,[0, 1, 2, 35, 69, 70, 33, 42, 44, 45, 46, 15, 34, 17, 21, 47]
3323,1,[0, 1, 2, 35, 69, 70, 33, 42, 44, 45, 46, 15, 34, 17, 21, 47]
---->3416,[0, 1, 2, 35, 69, 70, 33, 42, 44, 34, 46, 15, 17, 21]
3127,1,[0, 1, 2, 35, 69, 70, 33, 42, 44, 45, 46, 15, 34, 17, 52, 21, 47]
---->3323,[0, 1, 2, 35, 69, 70, 33, 42, 44, 45, 46, 15, 34, 17, 21, 47]
3073,1,[0, 1, 2, 3, 5, 15, 16, 17, 21, 30, 31, 32, 33, 34, 35, 42, 44, 45, 46, 47, 52, 56, 69, 70]
---->3127,[0, 1, 2, 35, 69, 70, 33, 42, 44, 45, 46, 15, 34, 17, 52, 21, 47]
3049,1,[0, 1, 2, 3, 5, 9, 10, 15, 16, 17, 21, 23, 30, 31, 32, 33, 34, 35, 42, 44, 45, 46, 47, 52, 56, 69, 70]
---->3073,[0, 1, 2, 3, 5, 15, 16, 17, 21, 30, 31, 32, 33, 34, 35, 42, 44, 45, 46, 47, 52, 56, 69, 70]
3000,1,[0, 1, 2, 3, 5, 6, 8, 9, 10, 12, 13, 14, 15, 16, 17, 21, 23, 30, 31, 32, 33, 34, 35, 42, 43, 44, 45, 46, 47, 52, 56, 69, 70]
---->3049,[0, 1, 2, 3, 5, 9, 10, 15, 16, 17, 21, 23, 30, 31, 32, 33, 34, 35, 42, 44, 45, 46, 47, 52, 56, 69, 70]
1859,8,[0, 1, 2, 35, 17, 33, 45, 46, 15, 16, 34, 47][32, 3, 5, 56, 30, 31][8, 6, 7][9, 10, 23][12, 13, 14][71, 69, 70, 21][42, 43, 44][51, 52, 53]
---->3000,[0, 1, 2, 3, 5, 6, 8, 9, 10, 12, 13, 14, 15, 16, 17, 21, 23, 30, 31, 32, 33, 34, 35, 42, 43, 44, 45, 46, 47, 52, 56, 69, 70]
1857,2,[0, 33, 2, 35, 17, 45, 46, 15, 16, 34, 47][1]
---->1859,[0, 1, 2, 35, 17, 33, 45, 46, 15, 16, 34, 47]
1835,1,[0, 1, 2, 35, 17, 33, 45, 46, 15, 16, 34, 47]
---->1857,[0, 33, 2, 35, 17, 45, 46, 15, 16, 34, 47]
1831,2,[0, 33, 2, 35, 17, 45, 46, 15, 16, 34, 47][1]
---->1835,[0, 1, 2, 35, 17, 33, 45, 46, 15, 16, 34, 47]
1769,1,[0, 1, 2, 35, 17, 33, 45, 46, 15, 16, 34, 47]
---->1831,[0, 33, 2, 35, 17, 45, 46, 15, 16, 34, 47]
1767,2,[0, 1, 2, 35, 33, 34, 45, 47][16, 17, 46, 15]
---->1769,[0, 1, 2, 35, 17, 33, 45, 46, 15, 16, 34, 47]
1706,1,[0, 1, 2, 35, 17, 33, 45, 46, 15, 16, 34, 47]
---->1767,[0, 1, 2, 35, 33, 34, 45, 47]
1701,2,[0, 1, 2, 35, 33, 34, 45, 47][16, 17, 46, 15]
---->1706,[0, 1, 2, 35, 17, 33, 45, 46, 15, 16, 34, 47]
1589,1,[0, 1, 2, 35, 17, 33, 45, 46, 15, 16, 34, 47]
---->1701,[0, 1, 2, 35, 33, 34, 45, 47]
1580,2,[0, 1, 2, 35, 33, 34, 45, 47][16, 17, 46, 15]
---->1589,[0, 1, 2, 35, 17, 33, 45, 46, 15, 16, 34, 47]
1562,1,[0, 1, 2, 35, 17, 33, 45, 46, 15, 16, 34, 47]
---->1580,[0, 1, 2, 35, 33, 34, 45, 47]
1532,2,[0, 1, 2, 35, 33, 34, 46, 15, 16, 17][45, 47]
---->1562,[0, 1, 2, 35, 17, 33, 45, 46, 15, 16, 34, 47]
1500,1,[0, 1, 2, 35, 17, 33, 45, 46, 15, 16, 34, 47]
---->1532,[0, 1, 2, 35, 33, 34, 46, 15, 16, 17]
0,4,[0, 1, 2][16, 17, 15][33, 34, 35][45, 46, 47]
---->1500,[0, 1, 2, 35, 17, 33, 45, 46, 15, 16, 34, 47]
1500,1,[0, 1, 2, 35, 17, 33, 45, 46, 15, 16, 34, 47]
---->1532,[45, 47]
1562,1,[0, 1, 2, 35, 17, 33, 45, 46, 15, 16, 34, 47]
---->1580,[16, 17, 46, 15]
1589,1,[0, 1, 2, 35, 17, 33, 45, 46, 15, 16, 34, 47]
---->1701,[16, 17, 46, 15]
1706,1,[0, 1, 2, 35, 17, 33, 45, 46, 15, 16, 34, 47]
---->1767,[16, 17, 46, 15]
1769,1,[0, 1, 2, 35, 17, 33, 45, 46, 15, 16, 34, 47]
---->1831,[1]
1835,1,[0, 1, 2, 35, 17, 33, 45, 46, 15, 16, 34, 47]
---->1857,[1]
1526,1,[32, 3, 5, 56, 30, 31]
---->1859,[32, 3, 5, 56, 30, 31]
1508,2,[3, 5][32, 56, 30, 31]
---->1526,[32, 3, 5, 56, 30, 31]
1500,1,[32, 3, 5, 56, 30, 31]
---->1508,[3, 5]
290,3,[3, 4, 5][32, 30, 31][56, 54, 55]
---->1500,[32, 3, 5, 56, 30, 31]
0,1,[3, 4, 5]
---->290,[3, 4, 5]
275,2,[32, 30][31]
---->290,[32, 30, 31]
0,1,[32, 30, 31]
---->275,[32, 30]
0,1,[32, 30, 31]
---->275,[31]
0,1,[56, 54, 55]
---->290,[56, 54, 55]
1500,1,[32, 3, 5, 56, 30, 31]
---->1508,[32, 56, 30, 31]
0,1,[8, 6, 7]
---->1859,[8, 6, 7]
1726,1,[9, 10, 23]
---->1859,[9, 10, 23]
1598,1,[69, 70, 71, 9, 10, 21, 22, 23]
---->1726,[9, 10, 23]
1574,1,[36, 38, 70, 71, 9, 10, 11, 21, 22, 23, 37, 69]
---->1598,[69, 70, 71, 9, 10, 21, 22, 23]
1570,2,[36, 38, 70, 71, 9, 10, 11, 21, 22, 23, 69][37]
---->1574,[36, 38, 70, 71, 9, 10, 11, 21, 22, 23, 37, 69]
1566,2,[36, 69, 38, 71, 9, 10, 11, 21, 22, 23][70]
---->1570,[36, 38, 70, 71, 9, 10, 11, 21, 22, 23, 69]
1546,1,[36, 38, 70, 71, 9, 10, 11, 21, 22, 23, 37, 69]
---->1566,[36, 69, 38, 71, 9, 10, 11, 21, 22, 23]
1536,2,[36, 69, 38, 71, 9, 10, 11, 21, 22, 23, 37][70]
---->1546,[36, 38, 70, 71, 9, 10, 11, 21, 22, 23, 37, 69]
1514,1,[36, 37, 38, 71, 9, 10, 11, 21, 22, 23, 70, 69]
---->1536,[36, 69, 38, 71, 9, 10, 11, 21, 22, 23, 37]
1502,2,[36, 37, 38, 71, 9, 10, 11, 21, 22, 23, 69][70]
---->1514,[36, 37, 38, 71, 9, 10, 11, 21, 22, 23, 70, 69]
1500,1,[36, 37, 38, 71, 9, 10, 11, 21, 22, 23, 70, 69]
---->1502,[36, 37, 38, 71, 9, 10, 11, 21, 22, 23, 69]
0,4,[9, 10, 11][21, 22, 23][36, 37, 38][69, 70, 71]
---->1500,[36, 37, 38, 71, 9, 10, 11, 21, 22, 23, 70, 69]
1500,1,[36, 37, 38, 71, 9, 10, 11, 21, 22, 23, 70, 69]
---->1502,[70]
1514,1,[36, 37, 38, 71, 9, 10, 11, 21, 22, 23, 70, 69]
---->1536,[70]
1546,1,[36, 38, 70, 71, 9, 10, 11, 21, 22, 23, 37, 69]
---->1566,[70]
1566,1,[37]
---->1570,[37]
1546,1,[36, 38, 70, 71, 9, 10, 11, 21, 22, 23, 37, 69]
---->1566,[37]
0,1,[12, 13, 14]
---->1859,[12, 13, 14]
1821,1,[71, 69, 70, 21]
---->1859,[71, 69, 70, 21]
1726,1,[71, 70, 69, 22, 21]
---->1821,[71, 69, 70, 21]
1598,1,[69, 70, 71, 9, 10, 21, 22, 23]
---->1726,[71, 70, 69, 22, 21]
0,1,[42, 43, 44]
---->1859,[42, 43, 44]
0,1,[51, 52, 53]
---->1859,[51, 52, 53]
3323,1,[0, 1, 2, 35, 69, 70, 33, 42, 44, 45, 46, 15, 34, 17, 21, 47]
---->3416,[45, 47]
3439,1,[0, 1, 2, 35, 69, 70, 33, 42, 44, 45, 46, 15, 34, 17, 21, 47]
---->3706,[35, 45, 47]
3127,1,[32, 3, 5, 16, 56, 30, 31]
---->3816,[16]
3073,1,[0, 1, 2, 3, 5, 15, 16, 17, 21, 30, 31, 32, 33, 34, 35, 42, 44, 45, 46, 47, 52, 56, 69, 70]
---->3127,[32, 3, 5, 16, 56, 30, 31]
3820,1,[0, 1, 2, 35, 69, 70, 33, 42, 44, 45, 46, 15, 34, 17, 21, 47, 16]
---->3837,[16]
3844,1,[0, 1, 2, 35, 69, 70, 33, 42, 44, 45, 46, 15, 34, 17, 21, 47, 16]
---->3860,[16]
3867,1,[0, 1, 2, 35, 69, 70, 33, 42, 44, 45, 46, 15, 34, 17, 21, 47, 16]
---->3883,[16]
3892,1,[0, 1, 2, 35, 69, 70, 33, 42, 44, 45, 46, 15, 34, 17, 21, 47, 16]
---->3908,[16]
3913,1,[0, 1, 2, 35, 69, 70, 33, 42, 44, 45, 46, 15, 34, 17, 21, 47, 16]
---->3930,[16]
3936,1,[0, 1, 2, 35, 69, 70, 33, 42, 44, 45, 46, 15, 34, 17, 21, 47, 16]
---->3952,[16]
3959,1,[0, 1, 2, 35, 69, 70, 33, 42, 44, 45, 46, 15, 34, 17, 21, 47, 16]
---->3977,[16]
3982,1,[0, 1, 2, 35, 69, 70, 33, 42, 44, 45, 46, 15, 34, 17, 21, 47, 16]
---->4109,[16]
4542,1,[32, 3, 71, 16, 56, 30, 31]
---->4724,[32, 3, 71, 56, 30, 31]
4528,2,[32, 3, 16, 56, 30, 31][71]
---->4542,[32, 3, 71, 16, 56, 30, 31]
4500,1,[32, 3, 71, 16, 56, 30, 31]
---->4528,[32, 3, 16, 56, 30, 31]
4112,3,[0, 1, 2, 35, 69, 70, 33, 42, 44, 45, 46, 15, 34, 17, 21, 47, 16][32, 3, 5, 56, 30, 31][71, 11, 36, 38, 7]
---->4500,[32, 3, 71, 16, 56, 30, 31]
3816,1,[32, 3, 5, 56, 30, 31]
---->4112,[32, 3, 5, 56, 30, 31]
3127,1,[32, 3, 5, 16, 56, 30, 31]
---->3816,[32, 3, 5, 56, 30, 31]
3000,1,[71, 11, 36, 38, 7]
---->4112,[71, 11, 36, 38, 7]
1821,3,[8, 6, 7][11, 36, 38][71, 69, 70, 21]
---->3000,[71, 11, 36, 38, 7]
0,1,[8, 6, 7]
---->1821,[8, 6, 7]
1779,1,[11, 36, 38]
---->1821,[11, 36, 38]
1766,1,[11, 36, 37, 38]
---->1779,[11, 36, 38]
1722,2,[11, 36, 38][37]
---->1766,[11, 36, 37, 38]
1707,1,[11, 36, 37, 38]
---->1722,[11, 36, 38]
1679,2,[11, 36, 38][37]
---->1707,[11, 36, 37, 38]
1664,1,[11, 36, 37, 38]
---->1679,[11, 36, 38]
1645,2,[11, 36, 38][37]
---->1664,[11, 36, 37, 38]
1628,1,[11, 36, 37, 38]
---->1645,[11, 36, 38]
1623,2,[11, 36, 38][37]
---->1628,[11, 36, 37, 38]
1598,1,[11, 36, 37, 38]
---->1623,[11, 36, 38]
1574,1,[36, 38, 70, 71, 9, 10, 11, 21, 22, 23, 37, 69]
---->1598,[11, 36, 37, 38]
1598,1,[11, 36, 37, 38]
---->1623,[37]
1628,1,[11, 36, 37, 38]
---->1645,[37]
1664,1,[11, 36, 37, 38]
---->1679,[37]
1707,1,[11, 36, 37, 38]
---->1722,[37]
4500,1,[32, 3, 71, 16, 56, 30, 31]
---->4528,[71]
4500,1,[11, 36, 38, 6, 39, 40, 41, 43, 14, 55, 24, 7, 26, 58]
---->4724,[11, 36, 38, 6, 39, 40, 41, 43, 14, 55, 24, 7, 26, 58]
4013,5,[43, 14, 6][71, 11, 36, 38, 7][24, 26, 55][40, 41, 39][57, 58, 59]
---->4500,[11, 36, 38, 6, 39, 40, 41, 43, 14, 55, 24, 7, 26, 58]
4008,2,[14, 6][43]
---->4013,[43, 14, 6]
3271,1,[43, 14, 6]
---->4008,[14, 6]
3049,1,[6, 8, 43, 12, 13, 14]
---->3271,[43, 14, 6]
3000,1,[0, 1, 2, 3, 5, 6, 8, 9, 10, 12, 13, 14, 15, 16, 17, 21, 23, 30, 31, 32, 33, 34, 35, 42, 43, 44, 45, 46, 47, 52, 56, 69, 70]
---->3049,[6, 8, 43, 12, 13, 14]
3271,1,[43, 14, 6]
---->4008,[43]
3000,1,[71, 11, 36, 38, 7]
---->4013,[71, 11, 36, 38, 7]
3212,1,[24, 26, 55]
---->4013,[24, 26, 55]
3004,2,[4, 18, 19, 20, 54, 55][24, 26]
---->3212,[24, 26, 55]
1500,1,[4, 18, 19, 20, 54, 55]
---->3004,[4, 18, 19, 20, 54, 55]
0,3,[3, 4, 5][18, 19, 20][56, 54, 55]
---->1500,[4, 18, 19, 20, 54, 55]
0,1,[24, 25, 26]
---->3004,[24, 26]
0,1,[40, 41, 39]
---->4013,[40, 41, 39]
0,1,[57, 58, 59]
---->4013,[57, 58, 59]
4509,1,[8, 64, 12]
---->4724,[8, 64, 12]
4500,1,[8, 64, 12, 13]
---->4509,[8, 64, 12]
3271,2,[8, 12, 13][64, 65, 63]
---->4500,[8, 64, 12, 13]
3049,1,[6, 8, 43, 12, 13, 14]
---->3271,[8, 12, 13]
0,1,[64, 65, 63]
---->3271,[64, 65, 63]
6025,1,[0, 1, 3, 6, 7, 11, 14, 24, 26, 30, 31, 32, 33, 34, 35, 36, 38, 39, 40, 41, 43, 45, 47, 55, 56, 58, 69, 71]
---->6372,[40, 41, 58, 39]
7500,1,[0, 1, 3, 6, 7, 11, 14, 24, 26, 30, 32, 33, 35, 36, 38, 39, 40, 41, 43, 56, 58, 69, 71]
---->7637,[40, 41, 58, 39]
7668,1,[0, 1, 3, 6, 7, 11, 14, 24, 26, 30, 32, 33, 35, 36, 38, 39, 40, 41, 43, 56, 58, 69, 71]
---->7669,[32, 56, 3, 30, 71]
7695,1,[0, 1, 3, 6, 7, 11, 14, 24, 26, 30, 32, 33, 35, 36, 38, 39, 40, 41, 43, 56, 58, 69, 71]
---->7818,[43, 36, 38, 6, 7, 40, 41, 11, 14, 24, 39, 26, 58]
6025,1,[8, 64, 12]
---->7852,[8, 64, 12]
6000,2,[0, 1, 3, 6, 7, 11, 14, 24, 26, 30, 31, 32, 33, 34, 35, 36, 38, 39, 40, 41, 43, 45, 47, 55, 56, 58, 64, 69, 71][8, 12]
---->6025,[8, 64, 12]
4509,1,[8, 64, 12]
---->6000,[8, 12]
7852,1,[0, 1, 3, 32, 69, 7, 71, 35, 56, 33, 30]
---->9000,[33, 35]
9029,1,[0, 1, 3, 69, 32, 64, 35, 56, 33, 30]
---->9175,[64, 32, 3, 30, 56]
9176,1,[0, 1, 3, 69, 32, 64, 35, 56, 33, 30]
---->9179,[64, 32, 3, 30, 56]
9181,1,[0, 1, 3, 69, 32, 64, 35, 56, 33, 30]
---->9235,[32, 56, 3, 30]
9181,1,[0, 1, 3, 69, 32, 64, 35, 56, 33, 30]
---->9235,[33, 35]
9715,1,[50, 51, 53]
---->9734,[53]
9708,2,[51, 4, 53][50]
---->9715,[50, 51, 53]
9707,2,[50, 51, 4][53]
---->9708,[51, 4, 53]
9698,2,[4][50, 51, 53]
---->9707,[50, 51, 4]
9688,1,[51, 4, 53]
---->9698,[4]
9679,2,[4][50, 51, 53]
---->9688,[51, 4, 53]
9669,1,[51, 4, 53]
---->9679,[4]
9661,2,[4][50, 51, 53]
---->9669,[51, 4, 53]
9659,1,[50, 51, 4]
---->9661,[4]
9651,2,[51, 4, 53][50]
---->9659,[50, 51, 4]
9644,2,[4][50, 51, 53]
---->9651,[51, 4, 53]
9642,1,[50, 51, 4]
---->9644,[4]
9634,2,[51, 4, 53][50]
---->9642,[50, 51, 4]
9626,2,[4][50, 51, 53]
---->9634,[51, 4, 53]
9614,1,[51, 4, 53]
---->9626,[4]
9608,2,[4][50, 51, 53]
---->9614,[51, 4, 53]
9590,1,[51, 4, 53]
---->9608,[4]
9582,2,[50, 51, 4][53]
---->9590,[51, 4, 53]
9573,2,[51, 4, 53][50]
---->9582,[50, 51, 4]
9565,2,[50, 51, 4][53]
---->9573,[51, 4, 53]
9557,2,[51, 4, 53][50]
---->9565,[50, 51, 4]
9546,2,[4][50, 51, 53]
---->9557,[51, 4, 53]
9535,1,[51, 4, 53]
---->9546,[4]
9530,2,[4][50, 51, 53]
---->9535,[51, 4, 53]
9516,1,[51, 4, 53]
---->9530,[4]
9512,2,[4][50, 51, 53]
---->9516,[51, 4, 53]
9508,1,[50, 51, 4]
---->9512,[4]
9497,2,[51, 4, 53][50]
---->9508,[50, 51, 4]
9492,2,[4][50, 51, 53]
---->9497,[51, 4, 53]
9488,1,[50, 51, 4]
---->9492,[4]
9480,2,[51, 4, 53][50]
---->9488,[50, 51, 4]
9475,2,[4][50, 51, 53]
---->9480,[51, 4, 53]
9470,1,[50, 51, 4]
---->9475,[4]
9462,2,[51, 4, 53][50]
---->9470,[50, 51, 4]
9457,2,[4][50, 51, 53]
---->9462,[51, 4, 53]
9450,1,[50, 51, 4]
---->9457,[4]
9445,2,[51, 4, 53][50]
---->9450,[50, 51, 4]
9412,2,[50, 51, 4][53]
---->9445,[51, 4, 53]
9407,2,[51, 4, 53][50]
---->9412,[50, 51, 4]
9402,2,[4][50, 51, 53]
---->9407,[51, 4, 53]
9394,1,[50, 51, 4]
---->9402,[4]
9379,2,[51, 4, 53][50]
---->9394,[50, 51, 4]
9372,2,[50, 51, 4][53]
---->9379,[51, 4, 53]
9365,2,[4][50, 51, 53]
---->9372,[50, 51, 4]
9353,1,[51, 4, 53]
---->9365,[4]
9338,2,[4][50, 51, 53]
---->9353,[51, 4, 53]
9335,1,[66, 67, 4]
---->9338,[4]
9333,2,[4][66, 67, 68]
---->9335,[66, 67, 4]
9329,1,[68, 66, 4]
---->9333,[4]
9326,2,[4][66, 67, 68]
---->9329,[68, 66, 4]
9318,1,[66, 67, 4]
---->9326,[4]
9316,2,[4][66, 67, 68]
---->9318,[66, 67, 4]
9308,1,[68, 66, 4]
---->9316,[4]
9299,2,[66, 67, 4][68]
---->9308,[68, 66, 4]
9297,2,[4][66, 67, 68]
---->9299,[66, 67, 4]
9291,1,[68, 66, 4]
---->9297,[4]
9281,2,[66, 67, 4][68]
---->9291,[68, 66, 4]
9272,2,[4][66, 67, 68]
---->9281,[66, 67, 4]
9263,1,[66, 67, 4]
---->9272,[4]
9251,2,[4][66, 67, 68]
---->9263,[66, 67, 4]
9246,1,[66, 67, 4]
---->9251,[4]
