
molecule: hcho (aldehyde)
file: /home/vanka/tamal/prebiotic_synthesis/sugar_synthesis_HCNH2O_0.75timestep_after1000000.md/scr/coors.mol 
frame range: 0 - 100000
inc=1

0 0
10546 1 [48, 50, 46, 30]
10563 0
10573 1 [48, 50, 46, 30]
14999 0
15006 1 [48, 50, 46, 30]
15353 0
15367 1 [48, 50, 46, 30]
15382 0
15394 1 [48, 50, 46, 30]
24215 0
24250 1 [48, 50, 46, 30]
24269 0
24312 1 [48, 50, 46, 30]
24700 0
24746 1 [48, 50, 46, 30]
29999 0
30903 1 [48, 25, 46, 30]
31499 0
40499 1 [0, 44, 28, 63]
42080 0
42092 1 [0, 44, 28, 63]
52758 2 [0, 44, 28, 63] [48, 25, 59, 30]
52775 1 [0, 44, 28, 63]
53999 0
54096 1 [0, 44, 28, 63]
54260 0
54331 1 [0, 44, 28, 63]
54387 0
54562 1 [0, 44, 28, 63]
54563 0
58500 2 [0, 44, 51, 28] [25, 68, 30, 63]
61499 0
61510 1 [25, 68, 30, 63]
61618 0
64533 1 [0, 44, 51, 28]
68095 2 [0, 44, 51, 28] [25, 68, 30, 63]
68107 1 [0, 44, 51, 28]
68127 2 [0, 44, 51, 28] [25, 68, 30, 63]
71999 0
73669 1 [0, 51, 28, 61]
73681 0
73702 1 [0, 51, 28, 61]
73716 0
73730 1 [0, 51, 28, 61]
77422 0
77424 1 [0, 51, 28, 61]
88499 0
93188 1 [0, 51, 28, 61]
93269 0
93627 1 [0, 51, 28, 61]
95999 0

10546 1 [48, 50, 46, 30]
30903 1 [48, 25, 46, 30]
40499 1 [0, 44, 28, 63]
52758 2 [0, 44, 28, 63] [48, 25, 59, 30]
58500 2 [0, 44, 51, 28] [25, 68, 30, 63]
61510 1 [25, 68, 30, 63]
64533 1 [0, 44, 51, 28]
73669 1 [0, 51, 28, 61]

10546 [48, 50, 46, 30]
30903 [48, 25, 46, 30]
40499 [0, 44, 28, 63]
52758 [48, 25, 59, 30]
58500 [0, 44, 51, 28]
58500 [25, 68, 30, 63]
73669 [0, 51, 28, 61]

