
molecule: nh2ch2ocnh2
file:/home/vanka/tamal/urrey_miller_simulation_hightemp.md/scr/coors.mol 
frame range: 0 - 406375
inc=1

0 0
235930 1 [67, 3, 105, 79, 48, 17, 35, 52, 54, 55, 30]
236093 0
236103 1 [67, 3, 105, 79, 48, 17, 35, 52, 54, 55, 30]
236110 0
236121 1 [67, 3, 105, 79, 48, 17, 35, 52, 54, 55, 30]
239147 0
239165 1 [67, 3, 105, 79, 48, 17, 35, 52, 54, 55, 30]
239703 0
239710 1 [67, 3, 36, 105, 79, 48, 17, 35, 52, 54, 30]
239717 0
0 0
235930 1 [67, 3, 105, 79, 48, 17, 35, 52, 54, 55, 30]
236093 0
236103 1 [67, 3, 105, 79, 48, 17, 35, 52, 54, 55, 30]
236110 0
236121 1 [67, 3, 105, 79, 48, 17, 35, 52, 54, 55, 30]
239147 0
239165 1 [67, 3, 105, 79, 48, 17, 35, 52, 54, 55, 30]
239703 0
239710 1 [67, 3, 36, 105, 79, 48, 17, 35, 52, 54, 30]
239717 0

235930 1 [67, 3, 105, 79, 48, 17, 35, 52, 54, 55, 30]
239710 1 [67, 3, 36, 105, 79, 48, 17, 35, 52, 54, 30]

235930 [67, 3, 105, 79, 48, 17, 35, 52, 54, 55, 30]
239710 [67, 3, 36, 105, 79, 48, 17, 35, 52, 54, 30]


