
molecule: ohch2oh
file:/home/vanka/tamal/prebiotic_synthesis/sugar_synthesis_HCNH2O_0.75timestep_2.2.md/scr/coord.mol 
frame range: 0 - 78860
inc=1

0 0
13499 1 [68, 7, 9, 10, 43, 54, 63]
14999 0
22499 1 [66, 71, 40, 42, 43, 44, 24]
22650 0
22660 1 [66, 71, 40, 42, 43, 44, 24]
22680 0
22685 1 [66, 71, 40, 42, 43, 44, 24]
23999 0
24005 1 [66, 71, 40, 42, 43, 44, 24]
24056 0
24062 1 [66, 71, 40, 42, 43, 44, 24]
24227 0
24232 1 [66, 71, 40, 42, 43, 44, 24]
25504 0
25508 1 [66, 71, 40, 42, 43, 44, 24]
25585 0
25599 1 [66, 71, 40, 42, 43, 44, 24]
25636 0
25639 1 [66, 71, 40, 42, 43, 44, 24]
26999 0

13499 1 [68, 7, 9, 10, 43, 54, 63]
22499 1 [66, 71, 40, 42, 43, 44, 24]

13499 [68, 7, 9, 10, 43, 54, 63]
22499 [66, 71, 40, 42, 43, 44, 24]

