0,2,[8, 6, 7][48, 49, 50]
---->2749,[8, 49, 6, 7]
0,1,[66, 67, 68]
---->2749,[66, 67]
0,3,[8, 6, 7][48, 49, 50][66, 67, 68]
---->2749,[66, 67, 6, 7, 8, 49]
0,1,[21, 22, 23]
---->4249,[21, 22, 23]
0,2,[3, 4, 5][27, 28, 29]
---->4249,[28, 27, 4, 29]
0,2,[0, 1, 2][64, 65, 63]
---->2749,[0, 65, 2]
0,1,[16, 17, 15]
---->3486,[16, 17, 15]
0,1,[18, 19, 20]
---->3486,[18, 19, 20]
0,1,[24, 25, 26]
---->3288,[24, 26]
0,2,[32, 30, 31][56, 54, 55]
---->2749,[56, 54, 31]
0,1,[56, 54, 55]
---->2749,[55]
0,2,[32, 30, 31][56, 54, 55]
---->2749,[55, 54, 31]
0,1,[56, 54, 55]
---->2749,[56]
0,1,[69, 70, 71]
---->3251,[69, 70, 71]
0,1,[69, 70, 71]
---->3256,[69, 70, 71]
0,1,[69, 70, 71]
---->3272,[71]
0,1,[69, 70, 71]
---->3289,[71]
0,1,[69, 70, 71]
---->3289,[69, 70, 71]
0,1,[69, 70, 71]
---->3288,[71]
0,1,[69, 70, 71]
---->3431,[69, 70, 71]
0,1,[3, 4, 5]
---->3486,[3, 4, 5]
0,1,[24, 25, 26]
---->3279,[24, 25, 26]
0,1,[12, 13, 14]
---->3289,[12, 13, 14]
0,1,[16, 17, 15]
---->2749,[16, 17, 15]
0,2,[36, 37, 38][48, 49, 50]
---->2749,[48, 50, 37]
0,2,[24, 25, 26][36, 37, 38]
---->2749,[25, 36, 38]
0,1,[33, 34, 35]
---->4506,[33, 34, 35]
0,1,[51, 52, 53]
---->4506,[51, 52, 53]
0,1,[57, 58, 59]
---->4506,[57, 58, 59]
0,1,[45, 46, 47]
---->4933,[45, 46, 47]
0,1,[45, 46, 47]
---->4945,[47]
0,2,[0, 1, 2][32, 30, 31]
---->2749,[32, 1, 30]
0,1,[40, 41, 39]
---->5749,[40, 41, 39]
0,1,[57, 58, 59]
---->4249,[57, 58, 59]
0,1,[42, 43, 44]
---->4249,[42, 43, 44]
0,1,[60, 61, 62]
---->7249,[60, 61, 62]
0,1,[51, 52, 53]
---->5099,[51, 52, 53]
0,1,[42, 43, 44]
---->5749,[42, 43, 44]
0,2,[64, 65, 63][66, 67, 68]
---->2749,[64, 68, 63]
2749,2,[8, 49, 6, 7][66, 67]
---->3013,[66, 67, 6, 7, 8, 49]
2749,1,[66, 67, 6, 7, 8, 49]
---->3158,[66, 67]
2749,1,[0, 65, 2]
---->3486,[0, 65, 2]
2749,2,[56, 54, 31][55]
---->3004,[55, 54, 31]
2749,1,[56, 54, 31]
---->3004,[56]
2749,1,[55, 54, 31]
---->3008,[55]
2749,1,[56, 54, 31]
---->3004,[31]
2749,2,[56, 54, 31][55]
---->3004,[56, 54, 55]
2749,2,[55, 54, 31][56]
---->3008,[56, 54, 55]
2749,1,[66, 67, 6, 7, 8, 49]
---->4249,[66, 67, 7]
2749,2,[16, 17, 15][48, 50, 37]
---->4249,[16, 48, 50]
2749,1,[25, 36, 38]
---->4506,[25, 36, 38]
2749,1,[0, 65, 2]
---->4249,[65, 2]
2749,1,[48, 50, 37]
---->4249,[37]
2749,2,[0, 65, 2][48, 50, 37]
---->4249,[65, 2, 37]
2749,1,[32, 1, 30]
---->5749,[32, 1, 30]
2749,1,[64, 68, 63]
---->8099,[64, 68, 63]
3004,2,[55, 54, 31][56]
---->3008,[56, 54, 31]
3004,2,[31][56, 54, 55]
---->3017,[56, 54, 31]
3004,1,[55, 54, 31]
---->3008,[31]
3004,1,[56, 54, 55]
---->3017,[56]
3008,2,[56, 54, 31][55]
---->3022,[55, 54, 31]
3008,2,[31][56, 54, 55]
---->3017,[55, 54, 31]
3008,1,[56, 54, 31]
---->3022,[31]
3008,1,[56, 54, 55]
---->3017,[55]
3013,1,[66, 67, 6, 7, 8, 49]
---->3158,[8, 49, 6, 7]
3017,1,[56, 54, 31]
---->3022,[56]
3017,1,[55, 54, 31]
---->3028,[55]
3017,2,[56, 54, 31][55]
---->3022,[56, 54, 55]
3017,2,[55, 54, 31][56]
---->3028,[56, 54, 55]
3022,2,[55, 54, 31][56]
---->3028,[56, 54, 31]
3022,2,[31][56, 54, 55]
---->3037,[56, 54, 31]
3022,1,[55, 54, 31]
---->3028,[31]
3028,2,[56, 54, 31][55]
---->3049,[55, 54, 31]
3028,2,[31][56, 54, 55]
---->3057,[55, 54, 31]
3028,1,[56, 54, 31]
---->3049,[31]
3028,1,[56, 54, 55]
---->3037,[55]
3028,1,[56, 54, 55]
---->3057,[55]
3037,1,[56, 54, 31]
---->3049,[56]
3037,2,[56, 54, 31][55]
---->3049,[56, 54, 55]
3049,2,[55, 54, 31][56]
---->3061,[56, 54, 31]
3049,2,[31][56, 54, 55]
---->3057,[56, 54, 31]
3049,1,[55, 54, 31]
---->3061,[31]
3049,1,[56, 54, 55]
---->3057,[56]
3057,1,[55, 54, 31]
---->3061,[55]
3057,1,[56, 54, 31]
---->3069,[56]
3057,2,[55, 54, 31][56]
---->3061,[56, 54, 55]
3057,2,[56, 54, 31][55]
---->3069,[56, 54, 55]
3061,2,[56, 54, 31][55]
---->3069,[55, 54, 31]
3061,2,[31][56, 54, 55]
---->3074,[55, 54, 31]
3061,1,[56, 54, 31]
---->3069,[31]
3061,1,[56, 54, 55]
---->3074,[55]
3069,2,[55, 54, 31][56]
---->3080,[56, 54, 31]
3069,2,[31][56, 54, 55]
---->3074,[56, 54, 31]
3069,1,[55, 54, 31]
---->3080,[31]
3069,1,[56, 54, 55]
---->3074,[56]
3074,1,[55, 54, 31]
---->3080,[55]
3074,1,[56, 54, 31]
---->3089,[56]
3074,2,[55, 54, 31][56]
---->3080,[56, 54, 55]
3074,2,[56, 54, 31][55]
---->3089,[56, 54, 55]
3080,2,[56, 54, 31][55]
---->3089,[55, 54, 31]
3080,2,[31][56, 54, 55]
---->3091,[55, 54, 31]
3080,1,[56, 54, 31]
---->3089,[31]
3080,1,[56, 54, 55]
---->3091,[55]
3089,2,[55, 54, 31][56]
---->3099,[56, 54, 31]
3089,2,[31][56, 54, 55]
---->3091,[56, 54, 31]
3089,1,[55, 54, 31]
---->3099,[31]
3089,1,[56, 54, 55]
---->3091,[56]
3091,1,[55, 54, 31]
---->3099,[55]
3091,1,[56, 54, 31]
---->3107,[56]
3091,2,[55, 54, 31][56]
---->3099,[56, 54, 55]
3091,2,[56, 54, 31][55]
---->3107,[56, 54, 55]
3099,2,[56, 54, 31][55]
---->3107,[55, 54, 31]
3099,2,[31][56, 54, 55]
---->3110,[55, 54, 31]
3099,1,[56, 54, 31]
---->3107,[31]
3099,1,[56, 54, 55]
---->3110,[55]
3107,2,[55, 54, 31][56]
---->3119,[56, 54, 31]
3107,2,[31][56, 54, 55]
---->3110,[56, 54, 31]
3107,1,[55, 54, 31]
---->3119,[31]
3107,1,[56, 54, 55]
---->3110,[56]
3110,1,[55, 54, 31]
---->3119,[55]
3110,1,[56, 54, 31]
---->3123,[56]
3110,2,[55, 54, 31][56]
---->3119,[56, 54, 55]
3110,2,[56, 54, 31][55]
---->3123,[56, 54, 55]
3119,2,[56, 54, 31][55]
---->3123,[55, 54, 31]
3119,2,[31][56, 54, 55]
---->3134,[55, 54, 31]
3119,1,[56, 54, 31]
---->3123,[31]
3119,1,[56, 54, 55]
---->3134,[55]
3123,2,[55, 54, 31][56]
---->3137,[56, 54, 31]
3123,2,[31][56, 54, 55]
---->3134,[56, 54, 31]
3123,1,[56, 54, 55]
---->3134,[56]
3134,1,[55, 54, 31]
---->3137,[55]
3134,1,[56, 54, 31]
---->3148,[56]
3134,1,[55, 54, 31]
---->3154,[55]
3134,2,[56, 54, 31][55]
---->3148,[56, 54, 55]
3134,2,[55, 54, 31][56]
---->3154,[56, 54, 55]
3137,2,[56, 54, 31][55]
---->3148,[55, 54, 31]
3137,1,[56, 54, 31]
---->3148,[31]
3148,2,[55, 54, 31][56]
---->3154,[56, 54, 31]
3148,2,[31][56, 54, 55]
---->3157,[56, 54, 31]
3154,2,[56, 54, 31][55]
---->3166,[55, 54, 31]
3154,2,[56, 54, 31][55]
---->3167,[55, 54, 31]
3154,1,[56, 54, 31]
---->3166,[31]
3154,1,[56, 54, 55]
---->3157,[55]
3157,1,[56, 54, 31]
---->3166,[56]
3157,2,[56, 54, 31][55]
---->3166,[56, 54, 55]
3157,1,[56, 54, 31]
---->3167,[56]
3158,2,[8, 49, 6, 7][66, 67]
---->3163,[66, 67, 6, 7, 8, 49]
3163,1,[66, 67, 6, 7, 8, 49]
---->4249,[8, 49, 6]
3166,2,[55, 54, 31][56]
---->3169,[56, 54, 31]
3166,2,[31][56, 54, 55]
---->3178,[56, 54, 31]
3166,1,[55, 54, 31]
---->3169,[31]
3167,1,[55, 54, 31]
---->3169,[55]
3167,2,[55, 54, 31][56]
---->3169,[56, 54, 55]
3169,2,[56, 54, 31][55]
---->3181,[55, 54, 31]
3169,2,[31][56, 54, 55]
---->3203,[55, 54, 31]
3178,1,[56, 54, 31]
---->3181,[56]
3181,2,[55, 54, 31][56]
---->3211,[56, 54, 31]
3181,2,[55, 54, 31][56]
---->3212,[56, 54, 31]
3203,1,[55, 54, 31]
---->3212,[55]
3211,1,[56, 54, 31]
---->3218,[31]
3212,2,[56, 54, 31][55]
---->3218,[56, 54, 55]
3218,2,[31][56, 54, 55]
---->3251,[56, 54, 31]
3251,2,[56, 54, 31][69, 70, 71]
---->3256,[56, 69, 70]
3251,1,[56, 54, 31]
---->3256,[56]
3256,1,[56, 69, 70]
---->3279,[56]
3256,2,[56][69, 70, 71]
---->3272,[56, 69, 70]
3256,2,[56][69, 70, 71]
---->3289,[56, 69, 71]
3272,2,[56, 69, 70][71]
---->3279,[69, 70, 71]
3279,2,[56][69, 70, 71]
---->3288,[56, 69, 70]
3279,2,[56][69, 70, 71]
---->3289,[56, 69, 70]
3279,1,[56]
---->3289,[56]
3279,2,[24, 25, 26][69, 70, 71]
---->3289,[24, 26, 70]
3288,2,[24, 26][56, 69, 70]
---->3470,[24, 26, 70]
3288,1,[56, 69, 70]
---->3295,[70]
3288,2,[56, 69, 70][71]
---->3295,[69, 70, 71]
3289,2,[56, 69, 70][71]
---->3295,[56, 69, 71]
3289,2,[56][69, 70, 71]
---->3306,[56, 69, 71]
3289,1,[56, 69, 70]
---->3295,[56]
3289,1,[69, 70, 71]
---->3306,[71]
3289,1,[24, 26, 70]
---->3481,[24, 26]
3289,3,[12, 13, 14][24, 26, 70][56, 69, 71]
---->4249,[71, 12, 13, 14, 24, 26]
3295,2,[56, 69, 71][70]
---->3308,[56, 69, 70]
3295,2,[56][69, 70, 71]
---->3306,[56, 69, 70]
3295,1,[56, 69, 71]
---->3308,[56]
3295,1,[69, 70, 71]
---->3306,[70]
3306,1,[56, 69, 71]
---->3308,[71]
3306,1,[56, 69, 70]
---->3314,[70]
3306,2,[56, 69, 71][70]
---->3308,[69, 70, 71]
3306,2,[56, 69, 70][71]
---->3314,[69, 70, 71]
3308,2,[56, 69, 70][71]
---->3314,[56, 69, 71]
3308,2,[56][69, 70, 71]
---->3324,[56, 69, 71]
3308,1,[56, 69, 70]
---->3314,[56]
3308,1,[69, 70, 71]
---->3324,[71]
3314,2,[56, 69, 71][70]
---->3327,[56, 69, 70]
3314,2,[56][69, 70, 71]
---->3324,[56, 69, 70]
3314,1,[56, 69, 71]
---->3327,[56]
3314,1,[69, 70, 71]
---->3324,[70]
3324,1,[56, 69, 71]
---->3327,[71]
3324,1,[56, 69, 70]
---->3333,[70]
3324,2,[56, 69, 71][70]
---->3327,[69, 70, 71]
3324,2,[56, 69, 70][71]
---->3333,[69, 70, 71]
3327,2,[56, 69, 70][71]
---->3333,[56, 69, 71]
3327,2,[56][69, 70, 71]
---->3347,[56, 69, 71]
3327,1,[56, 69, 70]
---->3333,[56]
3327,1,[69, 70, 71]
---->3347,[71]
3333,2,[56, 69, 71][70]
---->3355,[56, 69, 70]
3333,2,[56][69, 70, 71]
---->3347,[56, 69, 70]
3333,1,[69, 70, 71]
---->3347,[70]
3347,1,[56, 69, 71]
---->3355,[71]
3347,1,[56, 69, 70]
---->3366,[70]
3347,1,[56, 69, 71]
---->3377,[71]
3347,2,[56, 69, 70][71]
---->3366,[69, 70, 71]
3347,2,[56, 69, 71][70]
---->3377,[69, 70, 71]
3355,2,[56, 69, 70][71]
---->3366,[56, 69, 71]
3355,1,[56, 69, 70]
---->3366,[56]
3366,2,[56, 69, 71][70]
---->3377,[56, 69, 70]
3366,2,[56][69, 70, 71]
---->3381,[56, 69, 70]
3366,1,[56, 69, 71]
---->3377,[56]
3366,1,[69, 70, 71]
---->3381,[70]
3377,2,[56, 69, 70][71]
---->3386,[56, 69, 71]
3377,2,[56][69, 70, 71]
---->3381,[56, 69, 71]
3377,1,[56, 69, 70]
---->3386,[56]
3377,1,[69, 70, 71]
---->3381,[71]
3381,1,[56, 69, 70]
---->3386,[70]
3381,1,[56, 69, 71]
---->3397,[71]
3381,2,[56, 69, 70][71]
---->3386,[69, 70, 71]
3381,2,[56, 69, 71][70]
---->3397,[69, 70, 71]
3386,2,[56, 69, 71][70]
---->3397,[56, 69, 70]
3386,2,[56][69, 70, 71]
---->3400,[56, 69, 70]
3386,1,[56, 69, 71]
---->3397,[56]
3386,1,[69, 70, 71]
---->3400,[70]
3397,2,[56, 69, 70][71]
---->3408,[56, 69, 71]
3397,1,[56, 69, 70]
---->3408,[56]
3397,1,[69, 70, 71]
---->3400,[71]
3397,2,[56][69, 70, 71]
---->3400,[56, 69, 71]
3400,1,[56, 69, 70]
---->3408,[70]
3400,2,[56, 69, 70][71]
---->3408,[69, 70, 71]
3400,2,[56, 69, 71][70]
---->3418,[69, 70, 71]
3408,2,[56, 69, 71][70]
---->3418,[56, 69, 70]
3408,2,[56][69, 70, 71]
---->3422,[56, 69, 70]
3418,1,[56, 69, 70]
---->3429,[56]
3418,1,[69, 70, 71]
---->3422,[71]
3418,1,[69, 70, 71]
---->3431,[71]
3422,2,[56, 69, 70][71]
---->3429,[69, 70, 71]
3429,2,[56][69, 70, 71]
---->3431,[56, 69, 70]
3429,2,[56][69, 70, 71]
---->3441,[56, 69, 70]
3429,1,[56]
---->3431,[56]
3429,1,[69, 70, 71]
---->3441,[70]
3431,2,[56, 69, 70][71]
---->3448,[56, 69, 71]
3431,2,[56][69, 70, 71]
---->3441,[56, 69, 71]
3441,1,[56, 69, 70]
---->3448,[70]
3441,1,[56, 69, 71]
---->3458,[71]
3441,2,[56, 69, 71][70]
---->3458,[69, 70, 71]
3448,2,[56, 69, 71][70]
---->3458,[56, 69, 70]
3448,1,[56, 69, 71]
---->3458,[56]
3458,2,[56, 69, 70][71]
---->3470,[56, 69, 71]
3458,2,[56][69, 70, 71]
---->3460,[56, 69, 71]
3460,1,[56, 69, 71]
---->3481,[71]
3470,2,[24, 26, 70][56, 69, 71]
---->3481,[56, 69, 70]
3481,2,[56, 69, 70][71]
---->3486,[56, 69, 71]
3481,2,[24, 26][56, 69, 70]
---->3486,[24, 26, 70]
3486,4,[0, 65, 2][16, 17, 15][18, 19, 20][56, 69, 71]
---->4249,[0, 69, 15, 17, 18, 19, 20, 56]
3486,2,[3, 4, 5][24, 26, 70]
---->4249,[3, 5, 70]
4249,2,[8, 49, 6][21, 22, 23]
---->7249,[8, 22, 6]
4249,1,[28, 27, 4, 29]
---->4506,[28, 27, 4, 29]
4249,1,[0, 69, 15, 17, 18, 19, 20, 56]
---->4506,[17, 15]
4249,1,[28, 27, 4, 29]
---->4651,[27, 28, 29]
4249,1,[3, 5, 70]
---->7249,[3, 5]
4249,1,[71, 12, 13, 14, 24, 26]
---->4627,[26, 12, 13]
4249,1,[71, 12, 13, 14, 24, 26]
---->4627,[24, 14, 71]
4249,2,[0, 69, 15, 17, 18, 19, 20, 56][28, 27, 4, 29]
---->4506,[17, 4, 15]
4249,1,[66, 67, 7]
---->4506,[66, 67, 7]
4249,1,[16, 48, 50]
---->4506,[16, 48, 50]
4249,1,[0, 69, 15, 17, 18, 19, 20, 56]
---->4506,[0, 69, 18, 19, 20, 56]
4249,2,[65, 2][37]
---->4506,[65, 2, 37]
4249,1,[65, 2, 37]
---->4620,[2, 37]
4249,2,[16, 48, 50][57, 58, 59]
---->5749,[57, 50, 59]
4249,3,[3, 5, 70][21, 22, 23][42, 43, 44]
---->7249,[44, 21, 70, 23]
4249,2,[3, 5, 70][21, 22, 23]
---->7249,[3, 5, 22]
4249,1,[8, 49, 6]
---->5749,[8, 49, 6]
4249,1,[66, 67, 7]
---->5099,[66, 67, 7]
4506,2,[28, 27, 4, 29][17, 15]
---->4651,[17, 4, 15]
4506,7,[17, 4, 15][66, 67, 7][16, 48, 50][25, 36, 38][33, 34, 35][51, 52, 53][57, 58, 59]
---->6000,[33, 66, 35, 4, 38, 7, 34, 15, 48, 17, 53, 25, 58, 36, 16]
4506,2,[0, 69, 18, 19, 20, 56][65, 2, 37]
---->4620,[0, 65, 2, 37, 18, 19, 20, 56, 69]
4506,2,[0, 69, 18, 19, 20, 56][65, 2, 37]
---->4620,[0, 65, 69, 18, 19, 20, 56]
4620,1,[0, 65, 2, 37, 18, 19, 20, 56, 69]
---->4714,[0, 65, 2, 37]
4620,2,[0, 65, 69, 18, 19, 20, 56][2, 37]
---->4627,[0, 65, 2, 37, 18, 19, 20, 56, 69]
4627,2,[26, 12, 13][24, 14, 71]
---->4632,[71, 12, 13, 14, 24, 26]
4627,1,[0, 65, 2, 37, 18, 19, 20, 56, 69]
---->4714,[56, 18, 19, 20, 69]
4632,1,[71, 12, 13, 14, 24, 26]
---->5099,[26, 12, 13]
4632,1,[71, 12, 13, 14, 24, 26]
---->4667,[24, 26, 12, 14, 71]
4632,1,[71, 12, 13, 14, 24, 26]
---->4667,[13]
4651,2,[17, 4, 15][27, 28, 29]
---->4670,[28, 27, 4, 29]
4667,2,[24, 26, 12, 14, 71][13]
---->4673,[71, 12, 13, 14, 24, 26]
4670,1,[28, 27, 4, 29]
---->4682,[27, 28, 29]
4673,1,[71, 12, 13, 14, 24, 26]
---->5099,[24, 14, 71]
4682,1,[27, 28, 29]
---->7249,[27, 28, 29]
4682,1,[27, 28, 29]
---->7508,[27, 28, 29]
4714,2,[0, 65, 2, 37][56, 18, 19, 20, 69]
---->4720,[0, 65, 2, 37, 18, 19, 20, 56, 69]
4720,1,[0, 65, 2, 37, 18, 19, 20, 56, 69]
---->4824,[0, 2, 37, 18, 19, 20, 56, 69]
4720,1,[0, 65, 2, 37, 18, 19, 20, 56, 69]
---->4824,[65]
4720,1,[0, 65, 2, 37, 18, 19, 20, 56, 69]
---->4883,[65]
4720,1,[0, 65, 2, 37, 18, 19, 20, 56, 69]
---->4908,[65]
4720,1,[0, 65, 2, 37, 18, 19, 20, 56, 69]
---->4933,[65]
4824,2,[0, 2, 37, 18, 19, 20, 56, 69][65]
---->4837,[0, 65, 2, 37, 18, 19, 20, 56, 69]
4837,1,[0, 65, 2, 37, 18, 19, 20, 56, 69]
---->4883,[0, 2, 37, 18, 19, 20, 56, 69]
4883,2,[0, 2, 37, 18, 19, 20, 56, 69][65]
---->4889,[0, 65, 2, 37, 18, 19, 20, 56, 69]
4889,1,[0, 65, 2, 37, 18, 19, 20, 56, 69]
---->4908,[0, 2, 37, 18, 19, 20, 56, 69]
4908,2,[0, 2, 37, 18, 19, 20, 56, 69][65]
---->4915,[0, 65, 2, 37, 18, 19, 20, 56, 69]
4915,1,[0, 65, 2, 37, 18, 19, 20, 56, 69]
---->4933,[0, 2, 37, 18, 19, 20, 56, 69]
4933,2,[0, 2, 37, 18, 19, 20, 56, 69][65]
---->4945,[0, 65, 2, 37, 18, 19, 20, 69]
4933,2,[0, 2, 37, 18, 19, 20, 56, 69][45, 46, 47]
---->4945,[56, 45, 46]
4945,1,[0, 65, 2, 37, 18, 19, 20, 69]
---->4952,[0, 65, 2, 37, 18, 19, 20, 69]
4945,2,[56, 45, 46][47]
---->4952,[56, 45, 47]
4952,2,[0, 65, 2, 37, 18, 19, 20, 69][56, 45, 47]
---->4954,[0, 65, 2, 37, 18, 19, 20, 56, 69]
4954,1,[0, 65, 2, 37, 18, 19, 20, 56, 69]
---->6000,[0, 65, 2, 37, 18, 19, 20, 56, 69]
5099,1,[26, 12, 13]
---->7508,[26, 12, 13]
5099,3,[66, 67, 7][24, 14, 71][51, 52, 53]
---->5749,[67, 71, 14, 51, 52, 24]
5099,1,[26, 12, 13]
---->6069,[26, 12, 13]
5749,3,[32, 1, 30][40, 41, 39][57, 50, 59]
---->7249,[32, 1, 39, 40, 41, 50, 57, 59, 30]
5749,3,[8, 49, 6][67, 71, 14, 51, 52, 24][42, 43, 44]
---->7249,[67, 71, 42, 43, 14, 49, 51, 52, 24]
6000,1,[33, 66, 35, 4, 38, 7, 34, 15, 48, 17, 53, 25, 58, 36, 16]
---->6002,[33, 66, 35, 4, 38, 7, 34, 15, 48, 17, 25, 58, 36, 16]
6000,1,[33, 66, 35, 4, 38, 7, 34, 15, 48, 17, 53, 25, 58, 36, 16]
---->6002,[53]
6000,1,[33, 66, 35, 4, 38, 7, 34, 15, 48, 17, 53, 25, 58, 36, 16]
---->6049,[16, 48, 58, 35, 53]
6000,1,[0, 65, 2, 37, 18, 19, 20, 56, 69]
---->8189,[0, 65, 2, 37, 18, 19, 20, 56, 69]
6002,2,[33, 66, 35, 4, 38, 7, 34, 15, 48, 17, 25, 58, 36, 16][53]
---->6032,[33, 66, 35, 4, 38, 7, 34, 15, 48, 17, 53, 25, 58, 36, 16]
6032,1,[33, 66, 35, 4, 38, 7, 34, 15, 48, 17, 53, 25, 58, 36, 16]
---->6049,[33, 66, 4, 38, 7, 34, 15, 17, 25, 36]
6049,2,[33, 66, 4, 38, 7, 34, 15, 17, 25, 36][16, 48, 58, 35, 53]
---->6067,[33, 66, 35, 4, 38, 7, 34, 15, 48, 17, 53, 25, 58, 36, 16]
6067,1,[33, 66, 35, 4, 38, 7, 34, 15, 48, 17, 53, 25, 58, 36, 16]
---->6069,[33, 66, 35, 4, 7, 34, 15, 16, 17, 48, 58, 53]
6067,1,[33, 66, 35, 4, 38, 7, 34, 15, 48, 17, 53, 25, 58, 36, 16]
---->6069,[25, 36, 38]
6069,1,[33, 66, 35, 4, 7, 34, 15, 16, 17, 48, 58, 53]
---->6071,[16, 48, 58]
6069,1,[33, 66, 35, 4, 7, 34, 15, 16, 17, 48, 58, 53]
---->6071,[33, 66, 35, 4, 7, 34, 15, 17, 53, 58]
6069,2,[26, 12, 13][25, 36, 38]
---->10249,[25, 36, 13, 38]
6071,1,[16, 48, 58]
---->10249,[16, 48, 58]
6071,1,[33, 66, 35, 4, 7, 34, 15, 17, 53, 58]
---->6073,[33, 66, 35, 4, 7, 34, 15, 17, 58]
6071,1,[33, 66, 35, 4, 7, 34, 15, 17, 53, 58]
---->6073,[53]
6071,1,[33, 66, 35, 4, 7, 34, 15, 17, 53, 58]
---->6087,[58, 35, 53]
6073,2,[33, 66, 35, 4, 7, 34, 15, 17, 58][53]
---->6075,[33, 66, 35, 4, 7, 34, 15, 17, 53, 58]
6075,1,[33, 66, 35, 4, 7, 34, 15, 17, 53, 58]
---->6087,[33, 66, 4, 7, 34, 15, 17]
6087,2,[33, 66, 4, 7, 34, 15, 17][58, 35, 53]
---->6100,[33, 66, 35, 4, 7, 34, 15, 17, 53]
6100,1,[33, 66, 35, 4, 7, 34, 15, 17, 53]
---->6316,[33, 66, 35, 4, 7, 34, 15, 17]
6100,1,[33, 66, 35, 4, 7, 34, 15, 17, 53]
---->6316,[53]
6100,1,[33, 66, 35, 4, 7, 34, 15, 17, 53]
---->6332,[35, 53]
6316,2,[33, 66, 35, 4, 7, 34, 15, 17][53]
---->6320,[33, 66, 35, 4, 7, 34, 15, 17, 53]
6320,1,[33, 66, 35, 4, 7, 34, 15, 17, 53]
---->6332,[17, 66, 7, 4, 15]
6320,1,[33, 66, 35, 4, 7, 34, 15, 17, 53]
---->6332,[33, 34]
6332,3,[17, 66, 7, 4, 15][33, 34][35, 53]
---->6336,[33, 66, 35, 4, 7, 34, 15, 17, 53]
6336,1,[33, 66, 35, 4, 7, 34, 15, 17, 53]
---->6440,[17, 66, 7, 4, 15]
6336,1,[33, 66, 35, 4, 7, 34, 15, 17, 53]
---->6440,[33, 34, 35, 53]
6440,2,[17, 66, 7, 4, 15][33, 34, 35, 53]
---->6443,[33, 66, 35, 4, 7, 34, 15, 17, 53]
6443,1,[33, 66, 35, 4, 7, 34, 15, 17, 53]
---->8192,[33, 66, 35, 4, 7, 34, 15, 17, 53]
7249,2,[8, 22, 6][27, 28, 29]
---->7508,[8, 27, 28, 29, 6]
7249,2,[3, 5][8, 22, 6]
---->7508,[3, 5, 22]
7249,1,[32, 1, 39, 40, 41, 50, 57, 59, 30]
---->8189,[32, 1, 39, 40, 41, 50, 57, 59, 30]
7249,2,[44, 21, 70, 23][60, 61, 62]
---->8189,[70, 44, 21, 23, 60, 61]
7249,1,[3, 5, 22]
---->9047,[3, 5, 22]
7249,1,[67, 71, 42, 43, 14, 49, 51, 52, 24]
---->7557,[49, 14, 71]
7249,1,[67, 71, 42, 43, 14, 49, 51, 52, 24]
---->7557,[67, 42, 43, 51, 52, 24]
7249,1,[8, 22, 6]
---->7508,[8, 6]
7508,1,[8, 27, 28, 29, 6]
---->7829,[8, 28, 6]
7508,2,[3, 5, 22][26, 12, 13]
---->10249,[26, 12, 22]
7508,2,[8, 6][27, 28, 29]
---->7811,[8, 27, 28, 29, 6]
7557,2,[49, 14, 71][67, 42, 43, 51, 52, 24]
---->7560,[67, 71, 42, 43, 14, 49, 51, 52, 24]
7560,1,[67, 71, 42, 43, 14, 49, 51, 52, 24]
---->11290,[67, 71, 42, 43, 14, 49, 51, 52, 24]
7811,1,[8, 27, 28, 29, 6]
---->7829,[27, 28, 29]
7829,1,[8, 28, 6]
---->10249,[8, 28, 6]
7829,1,[27, 28, 29]
---->8099,[27, 29]
8099,2,[27, 29][64, 68, 63]
---->8192,[64, 27, 29]
8189,3,[0, 65, 2, 37, 18, 19, 20, 56, 69][32, 1, 39, 40, 41, 50, 57, 59, 30][70, 44, 21, 23, 60, 61]
---->8749,[0, 1, 2, 18, 19, 20, 21, 23, 30, 32, 37, 39, 40, 41, 44, 50, 56, 57, 59, 60, 61, 65, 69, 70]
8192,2,[33, 66, 35, 4, 7, 34, 15, 17, 53][64, 27, 29]
---->8749,[64, 33, 66, 35, 4, 34, 15, 17, 53]
8749,1,[0, 1, 2, 18, 19, 20, 21, 23, 30, 32, 37, 39, 40, 41, 44, 50, 56, 57, 59, 60, 61, 65, 69, 70]
---->9013,[0, 1, 2, 18, 19, 20, 21, 23, 30, 32, 37, 39, 40, 41, 44, 50, 56, 57, 59, 60, 61, 69, 70]
8749,1,[0, 1, 2, 18, 19, 20, 21, 23, 30, 32, 37, 39, 40, 41, 44, 50, 56, 57, 59, 60, 61, 65, 69, 70]
---->9013,[65]
8749,1,[0, 1, 2, 18, 19, 20, 21, 23, 30, 32, 37, 39, 40, 41, 44, 50, 56, 57, 59, 60, 61, 65, 69, 70]
---->9047,[0, 65, 2, 37, 70, 44, 18, 19, 20, 21, 23, 56, 60, 61, 69]
8749,1,[64, 33, 66, 35, 4, 34, 15, 17, 53]
---->9106,[64, 33, 66, 35, 4, 34, 15, 17, 53]
9013,2,[0, 1, 2, 18, 19, 20, 21, 23, 30, 32, 37, 39, 40, 41, 44, 50, 56, 57, 59, 60, 61, 69, 70][65]
---->9022,[0, 1, 2, 18, 19, 20, 21, 23, 30, 32, 37, 39, 40, 41, 44, 50, 56, 57, 59, 60, 61, 65, 69, 70]
9022,1,[0, 1, 2, 18, 19, 20, 21, 23, 30, 32, 37, 39, 40, 41, 44, 50, 56, 57, 59, 60, 61, 65, 69, 70]
---->9047,[32, 1, 39, 40, 41, 50, 57, 59, 30]
9047,2,[32, 1, 39, 40, 41, 50, 57, 59, 30][3, 5, 22]
---->10249,[1, 3, 5]
9047,1,[0, 65, 2, 37, 70, 44, 18, 19, 20, 21, 23, 56, 60, 61, 69]
---->9106,[0, 65, 69, 70, 44, 18, 19, 20, 21, 23, 56, 60, 61]
9047,1,[0, 65, 2, 37, 70, 44, 18, 19, 20, 21, 23, 56, 60, 61, 69]
---->9106,[2, 37]
9106,1,[0, 65, 69, 70, 44, 18, 19, 20, 21, 23, 56, 60, 61]
---->9671,[0, 65, 70, 44, 20, 21, 23, 60, 61]
9106,1,[0, 65, 69, 70, 44, 18, 19, 20, 21, 23, 56, 60, 61]
---->9339,[0, 65, 69, 70, 44, 18, 19, 20, 21, 23, 56]
9106,1,[0, 65, 69, 70, 44, 18, 19, 20, 21, 23, 56, 60, 61]
---->9209,[0, 65, 69, 44, 18, 19, 20, 21, 23, 56, 60, 61]
9106,1,[0, 65, 69, 70, 44, 18, 19, 20, 21, 23, 56, 60, 61]
---->9209,[70]
9106,2,[2, 37][64, 33, 66, 35, 4, 34, 15, 17, 53]
---->10120,[64, 33, 2, 35, 4, 37, 34, 15, 17, 66, 53]
9209,2,[0, 65, 69, 44, 18, 19, 20, 21, 23, 56, 60, 61][70]
---->9219,[0, 65, 69, 70, 44, 18, 19, 20, 21, 23, 56, 60, 61]
9219,1,[0, 65, 69, 70, 44, 18, 19, 20, 21, 23, 56, 60, 61]
---->9339,[60, 61]
9339,2,[0, 65, 69, 70, 44, 18, 19, 20, 21, 23, 56][60, 61]
---->9351,[0, 65, 69, 70, 44, 18, 19, 20, 21, 23, 56, 60, 61]
9351,1,[0, 65, 69, 70, 44, 18, 19, 20, 21, 23, 56, 60, 61]
---->9671,[56, 18, 19, 69]
9671,2,[0, 65, 70, 44, 20, 21, 23, 60, 61][56, 18, 19, 69]
---->9677,[0, 65, 69, 70, 44, 18, 19, 20, 21, 23, 56, 60, 61]
9677,1,[0, 65, 69, 70, 44, 18, 19, 20, 21, 23, 56, 60, 61]
---->10120,[0, 65, 69, 70, 44, 18, 19, 20, 21, 23, 56, 60, 61]
10120,2,[0, 65, 69, 70, 44, 18, 19, 20, 21, 23, 56, 60, 61][64, 33, 2, 35, 4, 37, 34, 15, 17, 66, 53]
---->10249,[0, 65, 34, 35, 69, 70, 33, 18, 19, 20, 21, 23, 56, 60, 61, 53]
10249,3,[8, 28, 6][26, 12, 22][16, 48, 58]
---->11749,[6, 8, 12, 48, 22, 58, 28, 26]
10249,1,[1, 3, 5]
---->11749,[1, 3, 5]
10249,2,[0, 65, 34, 35, 69, 70, 33, 18, 19, 20, 21, 23, 56, 60, 61, 53][25, 36, 13, 38]
---->10621,[0, 65, 34, 35, 69, 70, 33, 18, 19, 20, 21, 23, 56, 25, 60, 61, 53]
10621,1,[0, 65, 34, 35, 69, 70, 33, 18, 19, 20, 21, 23, 56, 25, 60, 61, 53]
---->10653,[0, 33, 34, 35, 69, 70, 18, 19, 20, 21, 23, 56, 25, 60, 61, 53]
10621,1,[0, 65, 34, 35, 69, 70, 33, 18, 19, 20, 21, 23, 56, 25, 60, 61, 53]
---->10653,[65]
10621,1,[0, 65, 34, 35, 69, 70, 33, 18, 19, 20, 21, 23, 56, 25, 60, 61, 53]
---->10678,[65]
10621,1,[0, 65, 34, 35, 69, 70, 33, 18, 19, 20, 21, 23, 56, 25, 60, 61, 53]
---->10701,[65]
10621,1,[0, 65, 34, 35, 69, 70, 33, 18, 19, 20, 21, 23, 56, 25, 60, 61, 53]
---->10727,[65]
10621,1,[0, 65, 34, 35, 69, 70, 33, 18, 19, 20, 21, 23, 56, 25, 60, 61, 53]
---->10753,[65]
10621,1,[0, 65, 34, 35, 69, 70, 33, 18, 19, 20, 21, 23, 56, 25, 60, 61, 53]
---->10776,[65]
10621,1,[0, 65, 34, 35, 69, 70, 33, 18, 19, 20, 21, 23, 56, 25, 60, 61, 53]
---->10803,[65]
10621,1,[0, 65, 34, 35, 69, 70, 33, 18, 19, 20, 21, 23, 56, 25, 60, 61, 53]
---->10831,[65]
10621,1,[0, 65, 34, 35, 69, 70, 33, 18, 19, 20, 21, 23, 56, 25, 60, 61, 53]
---->10854,[65]
10653,2,[0, 33, 34, 35, 69, 70, 18, 19, 20, 21, 23, 56, 25, 60, 61, 53][65]
---->10660,[0, 65, 34, 35, 69, 70, 33, 18, 19, 20, 21, 23, 56, 25, 60, 61, 53]
10660,1,[0, 65, 34, 35, 69, 70, 33, 18, 19, 20, 21, 23, 56, 25, 60, 61, 53]
---->10678,[0, 33, 34, 35, 69, 70, 18, 19, 20, 21, 23, 56, 25, 60, 61, 53]
10678,2,[0, 33, 34, 35, 69, 70, 18, 19, 20, 21, 23, 56, 25, 60, 61, 53][65]
---->10683,[0, 65, 34, 35, 69, 70, 33, 18, 19, 20, 21, 23, 56, 25, 60, 61, 53]
10683,1,[0, 65, 34, 35, 69, 70, 33, 18, 19, 20, 21, 23, 56, 25, 60, 61, 53]
---->10701,[0, 33, 34, 35, 69, 70, 18, 19, 20, 21, 23, 56, 25, 60, 61, 53]
10701,2,[0, 33, 34, 35, 69, 70, 18, 19, 20, 21, 23, 56, 25, 60, 61, 53][65]
---->10710,[0, 65, 34, 35, 69, 70, 33, 18, 19, 20, 21, 23, 56, 25, 60, 61, 53]
10710,1,[0, 65, 34, 35, 69, 70, 33, 18, 19, 20, 21, 23, 56, 25, 60, 61, 53]
---->10727,[0, 33, 34, 35, 69, 70, 18, 19, 20, 21, 23, 56, 25, 60, 61, 53]
10727,2,[0, 33, 34, 35, 69, 70, 18, 19, 20, 21, 23, 56, 25, 60, 61, 53][65]
---->10736,[0, 65, 34, 35, 69, 70, 33, 18, 19, 20, 21, 23, 56, 25, 60, 61, 53]
10736,1,[0, 65, 34, 35, 69, 70, 33, 18, 19, 20, 21, 23, 56, 25, 60, 61, 53]
---->10753,[0, 33, 34, 35, 69, 70, 18, 19, 20, 21, 23, 56, 25, 60, 61, 53]
10753,2,[0, 33, 34, 35, 69, 70, 18, 19, 20, 21, 23, 56, 25, 60, 61, 53][65]
---->10758,[0, 65, 34, 35, 69, 70, 33, 18, 19, 20, 21, 23, 56, 25, 60, 61, 53]
10758,1,[0, 65, 34, 35, 69, 70, 33, 18, 19, 20, 21, 23, 56, 25, 60, 61, 53]
---->10776,[0, 33, 34, 35, 69, 70, 18, 19, 20, 21, 23, 56, 25, 60, 61, 53]
10776,2,[0, 33, 34, 35, 69, 70, 18, 19, 20, 21, 23, 56, 25, 60, 61, 53][65]
---->10786,[0, 65, 34, 35, 69, 70, 33, 18, 19, 20, 21, 23, 56, 25, 60, 61, 53]
10786,1,[0, 65, 34, 35, 69, 70, 33, 18, 19, 20, 21, 23, 56, 25, 60, 61, 53]
---->10803,[0, 33, 34, 35, 69, 70, 18, 19, 20, 21, 23, 56, 25, 60, 61, 53]
10803,2,[0, 33, 34, 35, 69, 70, 18, 19, 20, 21, 23, 56, 25, 60, 61, 53][65]
---->10811,[0, 65, 34, 35, 69, 70, 33, 18, 19, 20, 21, 23, 56, 25, 60, 61, 53]
10811,1,[0, 65, 34, 35, 69, 70, 33, 18, 19, 20, 21, 23, 56, 25, 60, 61, 53]
---->10831,[0, 33, 34, 35, 69, 70, 18, 19, 20, 21, 23, 56, 25, 60, 61, 53]
10831,2,[0, 33, 34, 35, 69, 70, 18, 19, 20, 21, 23, 56, 25, 60, 61, 53][65]
---->10833,[0, 65, 34, 35, 69, 70, 33, 18, 19, 20, 21, 23, 56, 25, 60, 61, 53]
10833,1,[0, 65, 34, 35, 69, 70, 33, 18, 19, 20, 21, 23, 56, 25, 60, 61, 53]
---->10854,[0, 33, 34, 35, 69, 70, 18, 19, 20, 21, 23, 56, 25, 60, 61, 53]
10854,2,[0, 33, 34, 35, 69, 70, 18, 19, 20, 21, 23, 56, 25, 60, 61, 53][65]
---->10861,[0, 65, 34, 35, 69, 70, 33, 18, 19, 20, 21, 23, 56, 25, 60, 61, 53]
10861,1,[0, 65, 34, 35, 69, 70, 33, 18, 19, 20, 21, 23, 56, 25, 60, 61, 53]
---->10926,[33, 34, 35, 69, 70, 18, 19, 21, 23, 56, 25, 60, 61, 53]
10926,1,[33, 34, 35, 69, 70, 18, 19, 21, 23, 56, 25, 60, 61, 53]
---->11238,[56, 18, 19, 69]
10926,1,[33, 34, 35, 69, 70, 18, 19, 21, 23, 56, 25, 60, 61, 53]
---->11238,[33, 34, 35, 70, 21, 23, 25, 60, 61, 53]
11238,2,[56, 18, 19, 69][33, 34, 35, 70, 21, 23, 25, 60, 61, 53]
---->11290,[33, 34, 35, 69, 70, 18, 19, 21, 23, 56, 25, 60, 61, 53]
11290,2,[67, 71, 42, 43, 14, 49, 51, 52, 24][33, 34, 35, 69, 70, 18, 19, 21, 23, 56, 25, 60, 61, 53]
---->11749,[67, 71, 42, 14, 49, 56, 24]
11749,1,[6, 8, 12, 48, 22, 58, 28, 26]
---->12003,[48, 58, 28, 6]
11749,2,[1, 3, 5][6, 8, 12, 48, 22, 58, 28, 26]
---->12004,[8, 26, 12, 5, 22]
11749,1,[67, 71, 42, 14, 49, 56, 24]
---->12023,[67, 71, 42, 14, 49, 56, 24]
11749,1,[67, 71, 42, 14, 49, 56, 24]
---->12407,[67, 71, 42, 14, 49, 24]
12003,1,[48, 58, 28, 6]
---->13891,[48, 58, 28, 6]
12004,1,[8, 26, 12, 5, 22]
---->12023,[8, 26, 12, 22]
12023,2,[8, 26, 12, 22][67, 71, 42, 14, 49, 56, 24]
---->12407,[8, 56, 26, 12, 22]
12407,1,[8, 56, 26, 12, 22]
---->12420,[8, 26, 12, 22]
12407,2,[8, 56, 26, 12, 22][67, 71, 42, 14, 49, 24]
---->12420,[67, 71, 42, 14, 49, 56, 24]
12420,2,[8, 26, 12, 22][67, 71, 42, 14, 49, 56, 24]
---->12448,[8, 56, 26, 12, 22]
12420,1,[67, 71, 42, 14, 49, 56, 24]
---->12448,[67, 71, 42, 14, 49, 24]
12448,2,[8, 56, 26, 12, 22][67, 71, 42, 14, 49, 24]
---->13249,[67, 8, 42, 12, 56, 22, 24, 26]
13249,1,[67, 8, 42, 12, 56, 22, 24, 26]
---->13502,[8, 24, 42, 67, 56]
13502,1,[8, 24, 42, 67, 56]
---->13891,[8, 24, 42, 56]
13891,2,[48, 58, 28, 6][8, 24, 42, 56]
---->13990,[6, 8, 42, 48, 24, 56, 58, 28]
13990,1,[6, 8, 42, 48, 24, 56, 58, 28]
---->13998,[48, 58, 28, 6]
13990,1,[6, 8, 42, 48, 24, 56, 58, 28]
---->13998,[8, 24, 42, 56]
13998,2,[48, 58, 28, 6][8, 24, 42, 56]
---->14999,[48, 56, 28, 6]
