0,1,[0, 59, 44]
---->2010,[0, 59, 44]
0,1,[1, 54, 49]
---->2010,[1, 54, 49]
0,1,[65, 2, 6, 39, 9, 48, 50, 52, 53, 56, 25, 29, 30]
---->2010,[65, 2, 6, 39, 9, 48, 50, 52, 53, 56, 25, 29, 30]
0,1,[3, 36, 47, 51, 58, 63]
---->1500,[51, 3, 36, 47, 63]
0,1,[35, 70, 7, 42, 13, 24]
---->1500,[24, 42, 7]
0,2,[3, 36, 47, 51, 58, 63][35, 70, 7, 42, 13, 24]
---->1500,[58, 35, 13, 70]
1500,1,[51, 3, 36, 47, 63]
---->1700,[51, 3, 36, 47, 63]
1500,2,[24, 42, 7][58, 35, 13, 70]
---->1700,[58, 35, 13, 70, 7]
1500,2,[24, 42, 7][58, 35, 13, 70]
---->1980,[58, 35, 13, 7]
1700,2,[51, 3, 36, 47, 63][58, 35, 13, 70, 7]
---->1980,[3, 36, 70, 47, 51, 63]
1980,2,[3, 36, 70, 47, 51, 63][58, 35, 13, 7]
---->2010,[58, 35, 70, 7]
2010,4,[0, 59, 44][1, 54, 49][65, 2, 6, 39, 9, 48, 50, 52, 53, 56, 25, 29, 30][58, 35, 70, 7]
---->30642,[0, 1, 2, 44, 70]
