15550,1,[9, 43, 5, 63, 7]
---->15843,[9, 63, 5, 7]
15536,2,[3, 5, 45, 16, 57, 30][9, 43, 63, 7]
---->15550,[9, 43, 5, 63, 7]
15523,2,[16, 57, 3, 45, 30][5]
---->15536,[3, 5, 45, 16, 57, 30]
15508,1,[3, 5, 45, 16, 57, 30]
---->15523,[16, 57, 3, 45, 30]
15501,2,[16, 57, 3, 45, 30][5]
---->15508,[3, 5, 45, 16, 57, 30]
15483,1,[3, 5, 45, 16, 57, 30]
---->15501,[16, 57, 3, 45, 30]
15480,2,[16, 57, 3, 45, 30][5]
---->15483,[3, 5, 45, 16, 57, 30]
15462,1,[3, 5, 45, 16, 57, 30]
---->15480,[16, 57, 3, 45, 30]
15458,2,[16, 57, 3, 45, 30][5]
---->15462,[3, 5, 45, 16, 57, 30]
15439,1,[3, 5, 45, 16, 57, 30]
---->15458,[16, 57, 3, 45, 30]
15437,2,[16, 57, 3, 45, 30][5]
---->15439,[3, 5, 45, 16, 57, 30]
15399,1,[3, 5, 45, 16, 57, 30]
---->15437,[16, 57, 3, 45, 30]
15397,2,[16, 57, 3, 45, 30][5]
---->15399,[3, 5, 45, 16, 57, 30]
15380,1,[3, 5, 45, 16, 57, 30]
---->15397,[16, 57, 3, 45, 30]
15372,2,[16, 57, 3, 45, 30][5]
---->15380,[3, 5, 45, 16, 57, 30]
15357,1,[3, 5, 45, 16, 57, 30]
---->15372,[16, 57, 3, 45, 30]
15352,2,[16, 57, 3, 45, 30][5]
---->15357,[3, 5, 45, 16, 57, 30]
15337,1,[3, 5, 45, 16, 57, 30]
---->15352,[16, 57, 3, 45, 30]
15328,2,[16, 57, 3, 45, 30][5]
---->15337,[3, 5, 45, 16, 57, 30]
15314,1,[3, 5, 45, 16, 57, 30]
---->15328,[16, 57, 3, 45, 30]
15304,2,[16, 57, 3, 45, 30][5]
---->15314,[3, 5, 45, 16, 57, 30]
15290,1,[3, 5, 45, 16, 57, 30]
---->15304,[16, 57, 3, 45, 30]
15282,2,[16, 57, 3, 45, 30][5]
---->15290,[3, 5, 45, 16, 57, 30]
15268,1,[3, 5, 45, 16, 57, 30]
---->15282,[16, 57, 3, 45, 30]
15260,2,[16, 57, 3, 45, 30][5]
---->15268,[3, 5, 45, 16, 57, 30]
15245,1,[3, 5, 45, 16, 57, 30]
---->15260,[16, 57, 3, 45, 30]
15237,2,[16, 57, 3, 45, 30][5]
---->15245,[3, 5, 45, 16, 57, 30]
15222,1,[3, 5, 45, 16, 57, 30]
---->15237,[16, 57, 3, 45, 30]
15215,2,[16, 57, 3, 45, 30][5]
---->15222,[3, 5, 45, 16, 57, 30]
15199,1,[3, 5, 45, 16, 57, 30]
---->15215,[16, 57, 3, 45, 30]
15194,2,[16, 57, 3, 45, 30][5]
---->15199,[3, 5, 45, 16, 57, 30]
15177,1,[3, 5, 45, 16, 57, 30]
---->15194,[16, 57, 3, 45, 30]
15173,2,[16, 57, 3, 45, 30][5]
---->15177,[3, 5, 45, 16, 57, 30]
15155,1,[3, 5, 45, 16, 57, 30]
---->15173,[16, 57, 3, 45, 30]
15152,2,[16, 57, 3, 45, 30][5]
---->15155,[3, 5, 45, 16, 57, 30]
15134,1,[3, 5, 45, 16, 57, 30]
---->15152,[16, 57, 3, 45, 30]
15130,2,[16, 57, 3, 45, 30][5]
---->15134,[3, 5, 45, 16, 57, 30]
15114,1,[3, 5, 45, 16, 57, 30]
---->15130,[16, 57, 3, 45, 30]
15108,2,[16, 57, 3, 45, 30][5]
---->15114,[3, 5, 45, 16, 57, 30]
15091,1,[3, 5, 45, 16, 57, 30]
---->15108,[16, 57, 3, 45, 30]
15089,2,[16, 57, 3, 45, 30][5]
---->15091,[3, 5, 45, 16, 57, 30]
15071,1,[3, 5, 45, 16, 57, 30]
---->15089,[16, 57, 3, 45, 30]
15065,2,[16, 57, 3, 45, 30][5]
---->15071,[3, 5, 45, 16, 57, 30]
15049,1,[3, 5, 45, 16, 57, 30]
---->15065,[16, 57, 3, 45, 30]
15042,2,[16, 57, 3, 45, 30][5]
---->15049,[3, 5, 45, 16, 57, 30]
15027,1,[3, 5, 45, 16, 57, 30]
---->15042,[16, 57, 3, 45, 30]
15017,2,[16, 57, 3, 45, 30][5]
---->15027,[3, 5, 45, 16, 57, 30]
15004,1,[16, 57, 3, 45, 30]
---->15017,[16, 57, 3, 45, 30]
14973,1,[3, 5, 45, 16, 57, 30]
---->15004,[16, 57, 3, 45, 30]
14957,1,[32, 2, 3, 5, 70, 17, 45, 46, 15, 16, 34, 21, 57, 53, 30, 31]
---->14973,[3, 5, 45, 16, 57, 30]
14954,2,[2, 70, 34, 46, 15, 17, 21, 53, 31][32, 3, 5, 45, 16, 57, 30]
---->14957,[32, 2, 3, 5, 70, 17, 45, 46, 15, 16, 34, 21, 57, 53, 30, 31]
14950,1,[32, 2, 3, 5, 70, 34, 46, 45, 16, 17, 21, 57, 15, 53, 30, 31]
---->14954,[2, 70, 34, 46, 15, 17, 21, 53, 31]
14946,1,[32, 2, 3, 5, 70, 34, 46, 45, 16, 17, 21, 57, 15, 53, 30, 31]
---->14950,[32, 2, 3, 5, 70, 34, 46, 45, 16, 17, 21, 57, 15, 53, 30, 31]
14919,1,[32, 2, 3, 5, 70, 34, 46, 45, 16, 17, 21, 56, 57, 15, 53, 30, 31]
---->14946,[32, 2, 3, 5, 70, 34, 46, 45, 16, 17, 21, 57, 15, 53, 30, 31]
14915,2,[32, 34, 3, 70, 2, 46, 15, 16, 17, 21, 56, 57, 53, 30, 31][5, 45]
---->14919,[32, 2, 3, 5, 70, 34, 46, 45, 16, 17, 21, 56, 57, 15, 53, 30, 31]
14280,1,[32, 34, 3, 70, 2, 46, 15, 16, 17, 21, 56, 57, 53, 30, 31]
---->14915,[32, 34, 3, 70, 2, 46, 15, 16, 17, 21, 56, 57, 53, 30, 31]
14256,2,[2, 70, 34, 46, 15, 17, 21, 53, 31][32, 3, 16, 56, 57, 30]
---->14280,[32, 34, 3, 70, 2, 46, 15, 16, 17, 21, 56, 57, 53, 30, 31]
13933,1,[32, 34, 3, 70, 2, 46, 15, 16, 17, 21, 56, 57, 53, 30, 31]
---->14256,[2, 70, 34, 46, 15, 17, 21, 53, 31]
13932,2,[32, 34, 3, 2, 46, 15, 16, 17, 21, 56, 57, 53, 30, 31][70]
---->13933,[32, 34, 3, 70, 2, 46, 15, 16, 17, 21, 56, 57, 53, 30, 31]
13911,1,[32, 34, 3, 70, 2, 46, 15, 16, 17, 21, 56, 57, 53, 30, 31]
---->13932,[32, 34, 3, 2, 46, 15, 16, 17, 21, 56, 57, 53, 30, 31]
13903,2,[32, 34, 3, 2, 46, 15, 16, 17, 21, 56, 57, 53, 30, 31][70]
---->13911,[32, 34, 3, 70, 2, 46, 15, 16, 17, 21, 56, 57, 53, 30, 31]
13684,1,[32, 34, 3, 70, 2, 46, 15, 16, 17, 21, 56, 57, 53, 30, 31]
---->13903,[32, 34, 3, 2, 46, 15, 16, 17, 21, 56, 57, 53, 30, 31]
13680,3,[34, 70, 2, 46, 15, 17, 21, 57, 53, 31][16, 3][32, 56, 30]
---->13684,[32, 34, 3, 70, 2, 46, 15, 16, 17, 21, 56, 57, 53, 30, 31]
13643,1,[32, 34, 3, 70, 2, 46, 15, 16, 17, 21, 56, 57, 53, 30, 31]
---->13680,[34, 70, 2, 46, 15, 17, 21, 57, 53, 31]
13622,1,[32, 2, 3, 70, 34, 46, 15, 16, 17, 53, 56, 57, 21, 30, 31]
---->13643,[32, 34, 3, 70, 2, 46, 15, 16, 17, 21, 56, 57, 53, 30, 31]
13422,1,[32, 34, 3, 70, 2, 46, 15, 16, 17, 21, 56, 57, 53, 30, 31]
---->13622,[32, 2, 3, 70, 34, 46, 15, 16, 17, 53, 56, 57, 21, 30, 31]
13410,1,[32, 2, 3, 70, 34, 46, 15, 16, 17, 53, 56, 57, 21, 30, 31]
---->13422,[32, 34, 3, 70, 2, 46, 15, 16, 17, 21, 56, 57, 53, 30, 31]
13396,1,[32, 2, 3, 70, 34, 46, 15, 16, 17, 53, 56, 57, 21, 30, 31]
---->13410,[32, 2, 3, 70, 34, 46, 15, 16, 17, 53, 56, 57, 21, 30, 31]
12830,2,[2, 70, 34, 46, 15, 16, 17, 53, 57, 21, 31][32, 56, 3, 30]
---->13396,[32, 2, 3, 70, 34, 46, 15, 16, 17, 53, 56, 57, 21, 30, 31]
12812,1,[64, 2, 70, 34, 46, 15, 16, 17, 53, 57, 21, 31]
---->12830,[2, 70, 34, 46, 15, 16, 17, 53, 57, 21, 31]
12809,2,[64, 2, 70, 34, 46, 15, 17, 53, 57, 21, 31][39, 40, 41, 13, 16, 51, 58]
---->12812,[64, 2, 70, 34, 46, 15, 16, 17, 53, 57, 21, 31]
12706,1,[64, 2, 70, 34, 46, 15, 16, 17, 53, 57, 21, 31]
---->12809,[64, 2, 70, 34, 46, 15, 17, 53, 57, 21, 31]
12700,2,[64, 2, 70, 34, 46, 15, 17, 53, 57, 21, 31][16]
---->12706,[64, 2, 70, 34, 46, 15, 16, 17, 53, 57, 21, 31]
12684,1,[64, 2, 70, 34, 46, 15, 16, 17, 53, 57, 21, 31]
---->12700,[64, 2, 70, 34, 46, 15, 17, 53, 57, 21, 31]
12658,2,[64, 2, 70, 34, 46, 15, 17, 53, 57, 21, 31][16]
---->12684,[64, 2, 70, 34, 46, 15, 16, 17, 53, 57, 21, 31]
12640,1,[64, 2, 70, 34, 46, 15, 17, 53, 57, 21, 31]
---->12658,[64, 2, 70, 34, 46, 15, 17, 53, 57, 21, 31]
12554,1,[64, 2, 70, 34, 46, 15, 16, 17, 53, 57, 21, 31]
---->12640,[64, 2, 70, 34, 46, 15, 17, 53, 57, 21, 31]
12509,2,[16, 64, 2, 31][34, 70, 46, 15, 17, 21, 57, 53]
---->12554,[64, 2, 70, 34, 46, 15, 16, 17, 53, 57, 21, 31]
12433,1,[64, 2, 70, 34, 46, 15, 16, 17, 53, 57, 21, 31]
---->12509,[16, 64, 2, 31]
12430,2,[16, 64, 2, 31][34, 70, 46, 15, 17, 21, 57, 53]
---->12433,[64, 2, 70, 34, 46, 15, 16, 17, 53, 57, 21, 31]
12429,2,[64, 2, 31][39, 40, 41, 13, 16, 51, 58]
---->12430,[16, 64, 2, 31]
12427,1,[16, 64, 2, 31]
---->12429,[64, 2, 31]
12409,1,[64, 2, 70, 34, 46, 15, 16, 17, 53, 57, 21, 31]
---->12427,[16, 64, 2, 31]
12405,2,[64, 2, 70, 34, 46, 15, 17, 53, 57, 21, 31][39, 40, 41, 13, 16, 51, 58]
---->12409,[64, 2, 70, 34, 46, 15, 16, 17, 53, 57, 21, 31]
12386,1,[64, 2, 70, 34, 46, 15, 16, 17, 53, 57, 21, 31]
---->12405,[64, 2, 70, 34, 46, 15, 17, 53, 57, 21, 31]
12343,2,[64, 2, 70, 34, 46, 15, 17, 53, 57, 21, 31][39, 40, 41, 13, 16, 51, 58]
---->12386,[64, 2, 70, 34, 46, 15, 16, 17, 53, 57, 21, 31]
12321,1,[64, 2, 70, 34, 46, 15, 16, 17, 53, 57, 21, 31]
---->12343,[64, 2, 70, 34, 46, 15, 17, 53, 57, 21, 31]
12316,2,[64, 2, 70, 34, 46, 15, 17, 53, 57, 21, 31][16]
---->12321,[64, 2, 70, 34, 46, 15, 16, 17, 53, 57, 21, 31]
12271,1,[64, 2, 70, 34, 46, 15, 16, 17, 53, 57, 21, 31]
---->12316,[64, 2, 70, 34, 46, 15, 17, 53, 57, 21, 31]
12199,2,[16, 64, 2, 31][34, 70, 46, 15, 17, 21, 57, 53]
---->12271,[64, 2, 70, 34, 46, 15, 16, 17, 53, 57, 21, 31]
12163,1,[64, 2, 70, 34, 46, 15, 16, 17, 53, 57, 21, 31]
---->12199,[16, 64, 2, 31]
12155,1,[64, 2, 70, 34, 46, 15, 16, 17, 53, 57, 21, 31]
---->12163,[64, 2, 70, 34, 46, 15, 16, 17, 53, 57, 21, 31]
12152,2,[64, 2, 34, 46, 15, 16, 17, 53, 57, 21, 31][70]
---->12155,[64, 2, 70, 34, 46, 15, 16, 17, 53, 57, 21, 31]
12105,1,[64, 2, 34, 46, 15, 16, 17, 53, 57, 21, 31]
---->12152,[64, 2, 34, 46, 15, 16, 17, 53, 57, 21, 31]
12007,1,[64, 2, 70, 34, 46, 15, 16, 17, 53, 57, 21, 31]
---->12105,[64, 2, 34, 46, 15, 16, 17, 53, 57, 21, 31]
12001,2,[64, 2, 70, 34, 46, 15, 17, 53, 57, 21, 31][16]
---->12007,[64, 2, 70, 34, 46, 15, 16, 17, 53, 57, 21, 31]
11984,1,[64, 2, 70, 34, 46, 15, 16, 17, 53, 57, 21, 31]
---->12001,[64, 2, 70, 34, 46, 15, 17, 53, 57, 21, 31]
11983,1,[64, 2, 70, 34, 46, 15, 16, 17, 53, 57, 27, 21, 29, 31]
---->11984,[64, 2, 70, 34, 46, 15, 16, 17, 53, 57, 21, 31]
11966,1,[32, 64, 2, 3, 70, 34, 46, 15, 16, 17, 53, 21, 27, 56, 57, 59, 29, 30, 31]
---->11983,[64, 2, 70, 34, 46, 15, 16, 17, 53, 57, 27, 21, 29, 31]
11952,1,[0, 1, 2, 3, 6, 11, 14, 15, 16, 17, 21, 27, 29, 30, 31, 32, 33, 34, 35, 46, 53, 56, 57, 59, 61, 64, 70]
---->11966,[32, 64, 2, 3, 70, 34, 46, 15, 16, 17, 53, 21, 27, 56, 57, 59, 29, 30, 31]
11934,1,[0, 1, 2, 3, 6, 11, 14, 15, 16, 17, 21, 27, 29, 30, 31, 32, 33, 34, 35, 43, 46, 53, 56, 57, 59, 61, 64, 70]
---->11952,[0, 1, 2, 3, 6, 11, 14, 15, 16, 17, 21, 27, 29, 30, 31, 32, 33, 34, 35, 46, 53, 56, 57, 59, 61, 64, 70]
11927,1,[0, 1, 2, 3, 6, 11, 14, 15, 16, 17, 21, 27, 29, 30, 31, 32, 33, 34, 35, 43, 46, 53, 56, 57, 59, 61, 64, 70]
---->11934,[0, 1, 2, 3, 6, 11, 14, 15, 16, 17, 21, 27, 29, 30, 31, 32, 33, 34, 35, 43, 46, 53, 56, 57, 59, 61, 64, 70]
11920,2,[0, 1, 2, 3, 15, 16, 17, 21, 27, 29, 30, 31, 32, 33, 34, 35, 46, 53, 56, 57, 59, 64, 70][43, 11, 14, 6, 61]
---->11927,[0, 1, 2, 3, 6, 11, 14, 15, 16, 17, 21, 27, 29, 30, 31, 32, 33, 34, 35, 43, 46, 53, 56, 57, 59, 61, 64, 70]
11918,2,[0, 1, 2, 3, 15, 16, 17, 21, 27, 29, 30, 31, 32, 33, 34, 35, 46, 53, 56, 57, 59, 70][64, 65, 69]
---->11920,[0, 1, 2, 3, 15, 16, 17, 21, 27, 29, 30, 31, 32, 33, 34, 35, 46, 53, 56, 57, 59, 64, 70]
11917,2,[0, 32, 3, 1, 33, 35, 56, 59, 30][2, 70, 34, 46, 15, 16, 17, 53, 57, 27, 21, 29, 31]
---->11918,[0, 1, 2, 3, 15, 16, 17, 21, 27, 29, 30, 31, 32, 33, 34, 35, 46, 53, 56, 57, 59, 70]
11564,2,[0, 32, 3, 1, 33, 35, 56, 30][9, 10, 59, 54, 63]
---->11917,[0, 32, 3, 1, 33, 35, 56, 59, 30]
11538,1,[0, 32, 35, 1, 33, 3, 56, 30]
---->11564,[0, 32, 3, 1, 33, 35, 56, 30]
11488,1,[0, 32, 3, 1, 33, 35, 56, 30]
---->11538,[0, 32, 35, 1, 33, 3, 56, 30]
11481,1,[0, 1, 3, 33, 32, 35, 56, 30]
---->11488,[0, 32, 3, 1, 33, 35, 56, 30]
11297,1,[0, 32, 3, 1, 33, 35, 56, 30]
---->11481,[0, 1, 3, 33, 32, 35, 56, 30]
11256,1,[0, 32, 35, 1, 33, 3, 56, 30]
---->11297,[0, 32, 3, 1, 33, 35, 56, 30]
10977,1,[0, 32, 3, 1, 33, 35, 56, 30]
---->11256,[0, 32, 35, 1, 33, 3, 56, 30]
10924,1,[0, 32, 35, 1, 33, 3, 56, 30]
---->10977,[0, 32, 3, 1, 33, 35, 56, 30]
10718,1,[0, 32, 3, 1, 33, 35, 56, 30]
---->10924,[0, 32, 35, 1, 33, 3, 56, 30]
10717,1,[0, 1, 3, 33, 32, 35, 56, 30]
---->10718,[0, 32, 3, 1, 33, 35, 56, 30]
10701,1,[0, 32, 35, 1, 33, 3, 56, 30]
---->10717,[0, 1, 3, 33, 32, 35, 56, 30]
10640,1,[0, 32, 3, 1, 33, 35, 56, 30]
---->10701,[0, 32, 35, 1, 33, 3, 56, 30]
10633,1,[0, 1, 3, 33, 32, 35, 56, 30]
---->10640,[0, 32, 3, 1, 33, 35, 56, 30]
10603,1,[0, 32, 35, 1, 33, 3, 56, 30]
---->10633,[0, 1, 3, 33, 32, 35, 56, 30]
10553,2,[0, 1, 35, 33][32, 56, 3, 30]
---->10603,[0, 32, 35, 1, 33, 3, 56, 30]
10550,1,[0, 1, 35, 33]
---->10553,[0, 1, 35, 33]
10530,1,[0, 32, 35, 1, 33, 50, 3, 56, 30]
---->10550,[0, 1, 35, 33]
10516,1,[0, 32, 3, 1, 33, 50, 35, 56, 30]
---->10530,[0, 32, 35, 1, 33, 50, 3, 56, 30]
10500,2,[0, 32, 3, 1, 33, 35, 56, 30][11, 6, 43, 14, 50, 61]
---->10516,[0, 32, 3, 1, 33, 50, 35, 56, 30]
10452,1,[0, 32, 3, 1, 33, 50, 35, 56, 30]
---->10500,[0, 32, 3, 1, 33, 35, 56, 30]
10443,1,[0, 1, 3, 33, 32, 50, 35, 56, 30]
---->10452,[0, 32, 3, 1, 33, 50, 35, 56, 30]
10414,2,[0, 1, 3, 33, 32, 35, 56, 30][50, 51, 4]
---->10443,[0, 1, 3, 33, 32, 50, 35, 56, 30]
10413,1,[0, 1, 3, 33, 32, 35, 53, 56, 30]
---->10414,[0, 1, 3, 33, 32, 35, 56, 30]
9766,1,[0, 1, 3, 32, 69, 33, 64, 35, 53, 56, 30]
---->10413,[0, 1, 3, 33, 32, 35, 53, 56, 30]
9760,2,[0, 1, 3, 32, 69, 33, 64, 35, 56, 30][51, 4, 53]
---->9766,[0, 1, 3, 32, 69, 33, 64, 35, 53, 56, 30]
9743,1,[0, 1, 3, 32, 69, 33, 64, 35, 53, 56, 30]
---->9760,[0, 1, 3, 32, 69, 33, 64, 35, 56, 30]
9734,2,[0, 1, 3, 32, 69, 33, 64, 35, 56, 30][53]
---->9743,[0, 1, 3, 32, 69, 33, 64, 35, 53, 56, 30]
9241,1,[0, 1, 3, 32, 69, 33, 64, 35, 56, 30]
---->9734,[0, 1, 3, 32, 69, 33, 64, 35, 56, 30]
9235,3,[0, 1, 69, 64][32, 56, 3, 30][33, 35]
---->9241,[0, 1, 3, 32, 69, 33, 64, 35, 56, 30]
9226,1,[0, 1, 3, 32, 69, 33, 64, 35, 56, 30]
---->9235,[0, 1, 69, 64]
9206,1,[0, 1, 3, 69, 32, 64, 35, 56, 33, 30]
---->9226,[0, 1, 3, 32, 69, 33, 64, 35, 56, 30]
9186,1,[0, 1, 3, 32, 69, 33, 64, 35, 56, 30]
---->9206,[0, 1, 3, 69, 32, 64, 35, 56, 33, 30]
9181,1,[0, 1, 3, 69, 32, 64, 35, 56, 33, 30]
---->9186,[0, 1, 3, 32, 69, 33, 64, 35, 56, 30]
9179,2,[0, 1, 35, 69, 33][64, 32, 3, 30, 56]
---->9181,[0, 1, 3, 69, 32, 64, 35, 56, 33, 30]
9176,1,[0, 1, 3, 69, 32, 64, 35, 56, 33, 30]
---->9179,[0, 1, 35, 69, 33]
9175,2,[0, 1, 35, 69, 33][64, 32, 3, 30, 56]
---->9176,[0, 1, 3, 69, 32, 64, 35, 56, 33, 30]
9029,1,[0, 1, 3, 69, 32, 64, 35, 56, 33, 30]
---->9175,[0, 1, 35, 69, 33]
8973,2,[0, 1, 3, 69, 32, 64, 56, 30][33, 35]
---->9029,[0, 1, 3, 69, 32, 64, 35, 56, 33, 30]
8939,1,[0, 1, 3, 69, 32, 64, 35, 56, 33, 30]
---->8973,[0, 1, 3, 69, 32, 64, 56, 30]
8937,1,[0, 1, 3, 69, 32, 64, 7, 35, 56, 33, 30]
---->8939,[0, 1, 3, 69, 32, 64, 35, 56, 33, 30]
8921,2,[0, 1, 3, 32, 69, 7, 35, 56, 33, 30][64]
---->8937,[0, 1, 3, 69, 32, 64, 7, 35, 56, 33, 30]
8887,1,[0, 1, 3, 32, 69, 7, 35, 56, 33, 30]
---->8921,[0, 1, 3, 32, 69, 7, 35, 56, 33, 30]
7852,1,[0, 1, 3, 32, 69, 7, 71, 35, 56, 33, 30]
---->8887,[0, 1, 3, 32, 69, 7, 35, 56, 33, 30]
7818,2,[0, 1, 3, 32, 69, 71, 35, 56, 33, 30][11, 36, 38, 6, 7, 40, 41, 43, 14, 24, 39, 26, 58]
---->7852,[0, 1, 3, 32, 69, 7, 71, 35, 56, 33, 30]
7695,1,[0, 1, 3, 6, 7, 11, 14, 24, 26, 30, 32, 33, 35, 36, 38, 39, 40, 41, 43, 56, 58, 69, 71]
---->7818,[0, 1, 3, 32, 69, 71, 35, 56, 33, 30]
7669,2,[0, 1, 35, 36, 69, 6, 33, 40, 41, 11, 14, 43, 24, 39, 26, 38, 58, 7][32, 56, 3, 30, 71]
---->7695,[0, 1, 3, 6, 7, 11, 14, 24, 26, 30, 32, 33, 35, 36, 38, 39, 40, 41, 43, 56, 58, 69, 71]
7668,1,[0, 1, 3, 6, 7, 11, 14, 24, 26, 30, 32, 33, 35, 36, 38, 39, 40, 41, 43, 56, 58, 69, 71]
---->7669,[0, 1, 35, 36, 69, 6, 33, 40, 41, 11, 14, 43, 24, 39, 26, 38, 58, 7]
7637,2,[0, 1, 3, 36, 69, 6, 32, 71, 14, 11, 43, 35, 56, 24, 7, 33, 38, 26, 30][40, 41, 58, 39]
---->7668,[0, 1, 3, 6, 7, 11, 14, 24, 26, 30, 32, 33, 35, 36, 38, 39, 40, 41, 43, 56, 58, 69, 71]
7592,1,[0, 1, 3, 6, 7, 11, 14, 24, 26, 30, 32, 33, 35, 36, 38, 39, 40, 41, 43, 56, 58, 69, 71]
---->7637,[0, 1, 3, 36, 69, 6, 32, 71, 14, 11, 43, 35, 56, 24, 7, 33, 38, 26, 30]
7572,1,[0, 1, 3, 6, 7, 11, 14, 24, 26, 30, 32, 33, 35, 36, 38, 39, 40, 41, 43, 56, 58, 69, 71]
---->7592,[0, 1, 3, 6, 7, 11, 14, 24, 26, 30, 32, 33, 35, 36, 38, 39, 40, 41, 43, 56, 58, 69, 71]
7540,1,[0, 1, 3, 6, 7, 11, 14, 24, 26, 30, 32, 33, 35, 36, 38, 39, 40, 41, 43, 56, 58, 69, 71]
---->7572,[0, 1, 3, 6, 7, 11, 14, 24, 26, 30, 32, 33, 35, 36, 38, 39, 40, 41, 43, 56, 58, 69, 71]
7539,1,[0, 1, 3, 6, 7, 11, 14, 24, 26, 30, 32, 33, 35, 36, 38, 39, 40, 41, 43, 56, 58, 69, 71]
---->7540,[0, 1, 3, 6, 7, 11, 14, 24, 26, 30, 32, 33, 35, 36, 38, 39, 40, 41, 43, 56, 58, 69, 71]
7512,1,[0, 1, 3, 6, 7, 11, 14, 24, 26, 30, 32, 33, 35, 36, 38, 39, 40, 41, 43, 56, 58, 69, 71]
---->7539,[0, 1, 3, 6, 7, 11, 14, 24, 26, 30, 32, 33, 35, 36, 38, 39, 40, 41, 43, 56, 58, 69, 71]
7467,1,[0, 1, 3, 6, 7, 11, 14, 24, 26, 30, 32, 33, 35, 36, 38, 39, 40, 41, 43, 56, 58, 69, 71]
---->7512,[0, 1, 3, 6, 7, 11, 14, 24, 26, 30, 32, 33, 35, 36, 38, 39, 40, 41, 43, 56, 58, 69, 71]
7453,1,[0, 1, 3, 6, 7, 11, 14, 24, 26, 30, 32, 33, 35, 36, 38, 39, 40, 41, 43, 45, 47, 56, 58, 69, 71]
---->7467,[0, 1, 3, 6, 7, 11, 14, 24, 26, 30, 32, 33, 35, 36, 38, 39, 40, 41, 43, 56, 58, 69, 71]
7443,1,[0, 1, 3, 6, 7, 11, 14, 24, 26, 30, 31, 32, 33, 35, 36, 38, 39, 40, 41, 43, 45, 47, 56, 58, 69, 71]
---->7453,[0, 1, 3, 6, 7, 11, 14, 24, 26, 30, 32, 33, 35, 36, 38, 39, 40, 41, 43, 45, 47, 56, 58, 69, 71]
7433,1,[0, 1, 3, 6, 7, 11, 14, 24, 26, 30, 31, 32, 33, 35, 36, 38, 39, 40, 41, 43, 45, 47, 55, 56, 58, 69, 71]
---->7443,[0, 1, 3, 6, 7, 11, 14, 24, 26, 30, 31, 32, 33, 35, 36, 38, 39, 40, 41, 43, 45, 47, 56, 58, 69, 71]
7387,1,[0, 1, 3, 6, 7, 11, 14, 24, 26, 30, 31, 32, 33, 34, 35, 36, 38, 39, 40, 41, 43, 45, 47, 55, 56, 58, 69, 71]
---->7433,[0, 1, 3, 6, 7, 11, 14, 24, 26, 30, 31, 32, 33, 35, 36, 38, 39, 40, 41, 43, 45, 47, 55, 56, 58, 69, 71]
6384,1,[0, 1, 3, 6, 7, 11, 14, 24, 26, 30, 31, 32, 33, 34, 35, 36, 38, 39, 40, 41, 43, 45, 47, 55, 56, 58, 69, 71]
---->7387,[0, 1, 3, 6, 7, 11, 14, 24, 26, 30, 31, 32, 33, 34, 35, 36, 38, 39, 40, 41, 43, 45, 47, 55, 56, 58, 69, 71]
6372,2,[0, 1, 3, 6, 7, 11, 14, 24, 26, 30, 31, 32, 33, 34, 35, 36, 38, 43, 45, 47, 55, 56, 69, 71][40, 41, 58, 39]
---->6384,[0, 1, 3, 6, 7, 11, 14, 24, 26, 30, 31, 32, 33, 34, 35, 36, 38, 39, 40, 41, 43, 45, 47, 55, 56, 58, 69, 71]
6025,1,[0, 1, 3, 6, 7, 11, 14, 24, 26, 30, 31, 32, 33, 34, 35, 36, 38, 39, 40, 41, 43, 45, 47, 55, 56, 58, 69, 71]
---->6372,[0, 1, 3, 6, 7, 11, 14, 24, 26, 30, 31, 32, 33, 34, 35, 36, 38, 43, 45, 47, 55, 56, 69, 71]
6000,1,[0, 1, 3, 6, 7, 11, 14, 24, 26, 30, 31, 32, 33, 34, 35, 36, 38, 39, 40, 41, 43, 45, 47, 55, 56, 58, 64, 69, 71]
---->6025,[0, 1, 3, 6, 7, 11, 14, 24, 26, 30, 31, 32, 33, 34, 35, 36, 38, 39, 40, 41, 43, 45, 47, 55, 56, 58, 69, 71]
5971,2,[0, 1, 3, 6, 7, 11, 14, 24, 26, 30, 31, 32, 33, 34, 35, 36, 38, 39, 40, 41, 43, 45, 47, 55, 56, 58, 69, 71][8, 64, 12]
---->6000,[0, 1, 3, 6, 7, 11, 14, 24, 26, 30, 31, 32, 33, 34, 35, 36, 38, 39, 40, 41, 43, 45, 47, 55, 56, 58, 64, 69, 71]
5948,2,[0, 1, 3, 6, 7, 11, 14, 24, 26, 30, 31, 32, 33, 34, 35, 36, 38, 39, 40, 41, 43, 55, 56, 58, 69, 71][45, 47]
---->5971,[0, 1, 3, 6, 7, 11, 14, 24, 26, 30, 31, 32, 33, 34, 35, 36, 38, 39, 40, 41, 43, 45, 47, 55, 56, 58, 69, 71]
5937,2,[0, 1, 34, 3, 69, 32, 71, 35, 56, 33, 30][43, 36, 38, 6, 7, 40, 41, 11, 14, 55, 24, 39, 26, 58, 31]
---->5948,[0, 1, 3, 6, 7, 11, 14, 24, 26, 30, 31, 32, 33, 34, 35, 36, 38, 39, 40, 41, 43, 55, 56, 58, 69, 71]
5935,1,[0, 1, 34, 3, 69, 32, 71, 35, 56, 33, 30]
---->5937,[0, 1, 34, 3, 69, 32, 71, 35, 56, 33, 30]
5934,1,[0, 1, 34, 3, 69, 32, 71, 35, 56, 33, 30, 31]
---->5935,[0, 1, 34, 3, 69, 32, 71, 35, 56, 33, 30]
5922,1,[0, 1, 34, 3, 69, 32, 71, 45, 47, 35, 56, 33, 30, 31]
---->5934,[0, 1, 34, 3, 69, 32, 71, 35, 56, 33, 30, 31]
5910,2,[0, 1, 34, 35, 69, 33, 45, 47][32, 3, 71, 56, 30, 31]
---->5922,[0, 1, 34, 3, 69, 32, 71, 45, 47, 35, 56, 33, 30, 31]
5883,2,[0, 1, 34, 35, 69, 33][45, 47]
---->5910,[0, 1, 34, 35, 69, 33, 45, 47]
4414,1,[0, 1, 34, 35, 69, 33, 45, 47]
---->5883,[0, 1, 34, 35, 69, 33]
4412,1,[0, 1, 34, 35, 69, 70, 33, 2, 45, 46, 15, 17, 21, 47]
---->4414,[0, 1, 34, 35, 69, 33, 45, 47]
4404,1,[0, 1, 34, 35, 69, 70, 33, 42, 2, 44, 45, 46, 15, 17, 21, 47]
---->4412,[0, 1, 34, 35, 69, 70, 33, 2, 45, 46, 15, 17, 21, 47]
4397,1,[0, 1, 2, 35, 69, 70, 33, 42, 44, 45, 46, 15, 34, 17, 21, 47]
---->4404,[0, 1, 34, 35, 69, 70, 33, 42, 2, 44, 45, 46, 15, 17, 21, 47]
4377,1,[0, 1, 2, 35, 69, 70, 33, 42, 44, 45, 46, 15, 34, 17, 21, 47, 16]
---->4397,[0, 1, 2, 35, 69, 70, 33, 42, 44, 45, 46, 15, 34, 17, 21, 47]
4376,1,[0, 1, 2, 35, 69, 70, 33, 42, 44, 45, 46, 15, 34, 17, 21, 47, 16]
---->4377,[0, 1, 2, 35, 69, 70, 33, 42, 44, 45, 46, 15, 34, 17, 21, 47, 16]
4112,1,[0, 1, 2, 35, 69, 70, 33, 42, 44, 45, 46, 15, 34, 17, 21, 47, 16]
---->4376,[0, 1, 2, 35, 69, 70, 33, 42, 44, 45, 46, 15, 34, 17, 21, 47, 16]
4109,2,[0, 1, 2, 35, 69, 70, 33, 42, 44, 45, 46, 15, 34, 17, 21, 47][16]
---->4112,[0, 1, 2, 35, 69, 70, 33, 42, 44, 45, 46, 15, 34, 17, 21, 47, 16]
3982,1,[0, 1, 2, 35, 69, 70, 33, 42, 44, 45, 46, 15, 34, 17, 21, 47, 16]
---->4109,[0, 1, 2, 35, 69, 70, 33, 42, 44, 45, 46, 15, 34, 17, 21, 47]
3977,2,[0, 1, 2, 35, 69, 70, 33, 42, 44, 45, 46, 15, 34, 17, 21, 47][16]
---->3982,[0, 1, 2, 35, 69, 70, 33, 42, 44, 45, 46, 15, 34, 17, 21, 47, 16]
3959,1,[0, 1, 2, 35, 69, 70, 33, 42, 44, 45, 46, 15, 34, 17, 21, 47, 16]
---->3977,[0, 1, 2, 35, 69, 70, 33, 42, 44, 45, 46, 15, 34, 17, 21, 47]
3952,2,[0, 1, 2, 35, 69, 70, 33, 42, 44, 45, 46, 15, 34, 17, 21, 47][16]
---->3959,[0, 1, 2, 35, 69, 70, 33, 42, 44, 45, 46, 15, 34, 17, 21, 47, 16]
3936,1,[0, 1, 2, 35, 69, 70, 33, 42, 44, 45, 46, 15, 34, 17, 21, 47, 16]
---->3952,[0, 1, 2, 35, 69, 70, 33, 42, 44, 45, 46, 15, 34, 17, 21, 47]
3930,2,[0, 1, 2, 35, 69, 70, 33, 42, 44, 45, 46, 15, 34, 17, 21, 47][16]
---->3936,[0, 1, 2, 35, 69, 70, 33, 42, 44, 45, 46, 15, 34, 17, 21, 47, 16]
3913,1,[0, 1, 2, 35, 69, 70, 33, 42, 44, 45, 46, 15, 34, 17, 21, 47, 16]
---->3930,[0, 1, 2, 35, 69, 70, 33, 42, 44, 45, 46, 15, 34, 17, 21, 47]
3908,2,[0, 1, 2, 35, 69, 70, 33, 42, 44, 45, 46, 15, 34, 17, 21, 47][16]
---->3913,[0, 1, 2, 35, 69, 70, 33, 42, 44, 45, 46, 15, 34, 17, 21, 47, 16]
3892,1,[0, 1, 2, 35, 69, 70, 33, 42, 44, 45, 46, 15, 34, 17, 21, 47, 16]
---->3908,[0, 1, 2, 35, 69, 70, 33, 42, 44, 45, 46, 15, 34, 17, 21, 47]
3883,2,[0, 1, 2, 35, 69, 70, 33, 42, 44, 45, 46, 15, 34, 17, 21, 47][16]
---->3892,[0, 1, 2, 35, 69, 70, 33, 42, 44, 45, 46, 15, 34, 17, 21, 47, 16]
3867,1,[0, 1, 2, 35, 69, 70, 33, 42, 44, 45, 46, 15, 34, 17, 21, 47, 16]
---->3883,[0, 1, 2, 35, 69, 70, 33, 42, 44, 45, 46, 15, 34, 17, 21, 47]
3860,2,[0, 1, 2, 35, 69, 70, 33, 42, 44, 45, 46, 15, 34, 17, 21, 47][16]
---->3867,[0, 1, 2, 35, 69, 70, 33, 42, 44, 45, 46, 15, 34, 17, 21, 47, 16]
3844,1,[0, 1, 2, 35, 69, 70, 33, 42, 44, 45, 46, 15, 34, 17, 21, 47, 16]
---->3860,[0, 1, 2, 35, 69, 70, 33, 42, 44, 45, 46, 15, 34, 17, 21, 47]
3837,2,[0, 1, 2, 35, 69, 70, 33, 42, 44, 45, 46, 15, 34, 17, 21, 47][16]
---->3844,[0, 1, 2, 35, 69, 70, 33, 42, 44, 45, 46, 15, 34, 17, 21, 47, 16]
3820,1,[0, 1, 2, 35, 69, 70, 33, 42, 44, 45, 46, 15, 34, 17, 21, 47, 16]
---->3837,[0, 1, 2, 35, 69, 70, 33, 42, 44, 45, 46, 15, 34, 17, 21, 47]
3816,2,[0, 1, 2, 35, 69, 70, 33, 42, 44, 45, 46, 15, 34, 17, 21, 47][16]
---->3820,[0, 1, 2, 35, 69, 70, 33, 42, 44, 45, 46, 15, 34, 17, 21, 47, 16]
3740,1,[0, 1, 2, 35, 69, 70, 33, 42, 44, 45, 46, 15, 34, 17, 21, 47]
---->3816,[0, 1, 2, 35, 69, 70, 33, 42, 44, 45, 46, 15, 34, 17, 21, 47]
3706,2,[0, 1, 2, 69, 70, 33, 42, 44, 34, 46, 15, 17, 21][35, 45, 47]
---->3740,[0, 1, 2, 35, 69, 70, 33, 42, 44, 45, 46, 15, 34, 17, 21, 47]
3439,1,[0, 1, 2, 35, 69, 70, 33, 42, 44, 45, 46, 15, 34, 17, 21, 47]
---->3706,[0, 1, 2, 69, 70, 33, 42, 44, 34, 46, 15, 17, 21]
3416,2,[0, 1, 2, 35, 69, 70, 33, 42, 44, 34, 46, 15, 17, 21][45, 47]
---->3439,[0, 1, 2, 35, 69, 70, 33, 42, 44, 45, 46, 15, 34, 17, 21, 47]
3323,1,[0, 1, 2, 35, 69, 70, 33, 42, 44, 45, 46, 15, 34, 17, 21, 47]
---->3416,[0, 1, 2, 35, 69, 70, 33, 42, 44, 34, 46, 15, 17, 21]
3127,1,[0, 1, 2, 35, 69, 70, 33, 42, 44, 45, 46, 15, 34, 17, 52, 21, 47]
---->3323,[0, 1, 2, 35, 69, 70, 33, 42, 44, 45, 46, 15, 34, 17, 21, 47]
3073,1,[0, 1, 2, 3, 5, 15, 16, 17, 21, 30, 31, 32, 33, 34, 35, 42, 44, 45, 46, 47, 52, 56, 69, 70]
---->3127,[0, 1, 2, 35, 69, 70, 33, 42, 44, 45, 46, 15, 34, 17, 52, 21, 47]
3049,1,[0, 1, 2, 3, 5, 9, 10, 15, 16, 17, 21, 23, 30, 31, 32, 33, 34, 35, 42, 44, 45, 46, 47, 52, 56, 69, 70]
---->3073,[0, 1, 2, 3, 5, 15, 16, 17, 21, 30, 31, 32, 33, 34, 35, 42, 44, 45, 46, 47, 52, 56, 69, 70]
2986,1,[0, 1, 2, 3, 5, 6, 8, 9, 10, 12, 13, 14, 15, 16, 17, 21, 23, 30, 31, 32, 33, 34, 35, 42, 43, 44, 45, 46, 47, 52, 56, 69, 70]
---->3049,[0, 1, 2, 3, 5, 9, 10, 15, 16, 17, 21, 23, 30, 31, 32, 33, 34, 35, 42, 44, 45, 46, 47, 52, 56, 69, 70]
2963,2,[0, 1, 2, 3, 5, 6, 8, 9, 10, 12, 13, 14, 15, 16, 17, 21, 23, 30, 31, 32, 33, 34, 35, 42, 44, 45, 46, 47, 52, 56, 69, 70][43, 27, 28, 29]
---->2986,[0, 1, 2, 3, 5, 6, 8, 9, 10, 12, 13, 14, 15, 16, 17, 21, 23, 30, 31, 32, 33, 34, 35, 42, 43, 44, 45, 46, 47, 52, 56, 69, 70]
2954,1,[0, 1, 2, 3, 5, 6, 8, 9, 10, 12, 13, 14, 15, 16, 17, 21, 23, 30, 31, 32, 33, 34, 35, 42, 44, 45, 46, 47, 52, 56, 69, 70]
---->2963,[0, 1, 2, 3, 5, 6, 8, 9, 10, 12, 13, 14, 15, 16, 17, 21, 23, 30, 31, 32, 33, 34, 35, 42, 44, 45, 46, 47, 52, 56, 69, 70]
2951,1,[0, 1, 2, 3, 5, 6, 8, 9, 10, 12, 13, 14, 15, 16, 17, 21, 23, 30, 31, 32, 33, 34, 35, 42, 44, 45, 46, 47, 51, 52, 53, 56, 69, 70]
---->2954,[0, 1, 2, 3, 5, 6, 8, 9, 10, 12, 13, 14, 15, 16, 17, 21, 23, 30, 31, 32, 33, 34, 35, 42, 44, 45, 46, 47, 52, 56, 69, 70]
2939,1,[0, 1, 2, 3, 5, 6, 8, 9, 10, 12, 13, 14, 15, 16, 17, 21, 23, 30, 31, 32, 33, 34, 35, 42, 44, 45, 46, 47, 51, 52, 53, 56, 69, 70]
---->2951,[0, 1, 2, 3, 5, 6, 8, 9, 10, 12, 13, 14, 15, 16, 17, 21, 23, 30, 31, 32, 33, 34, 35, 42, 44, 45, 46, 47, 51, 52, 53, 56, 69, 70]
2931,1,[0, 1, 2, 3, 5, 6, 8, 9, 10, 12, 13, 14, 15, 16, 17, 21, 23, 30, 31, 32, 33, 34, 35, 42, 43, 44, 45, 46, 47, 51, 52, 53, 56, 69, 70]
---->2939,[0, 1, 2, 3, 5, 6, 8, 9, 10, 12, 13, 14, 15, 16, 17, 21, 23, 30, 31, 32, 33, 34, 35, 42, 44, 45, 46, 47, 51, 52, 53, 56, 69, 70]
2930,1,[0, 1, 2, 3, 5, 6, 8, 9, 10, 12, 13, 14, 15, 16, 17, 21, 23, 30, 31, 32, 33, 34, 35, 42, 43, 44, 45, 46, 47, 51, 52, 53, 56, 69, 70]
---->2931,[0, 1, 2, 3, 5, 6, 8, 9, 10, 12, 13, 14, 15, 16, 17, 21, 23, 30, 31, 32, 33, 34, 35, 42, 43, 44, 45, 46, 47, 51, 52, 53, 56, 69, 70]
2916,2,[0, 1, 2, 3, 5, 9, 10, 12, 13, 14, 15, 16, 17, 21, 23, 30, 31, 32, 33, 34, 35, 42, 43, 44, 45, 46, 47, 52, 56, 69, 70][8, 51, 53, 6]
---->2930,[0, 1, 2, 3, 5, 6, 8, 9, 10, 12, 13, 14, 15, 16, 17, 21, 23, 30, 31, 32, 33, 34, 35, 42, 43, 44, 45, 46, 47, 51, 52, 53, 56, 69, 70]
2914,1,[0, 1, 2, 3, 5, 9, 10, 12, 13, 14, 15, 16, 17, 21, 23, 30, 31, 32, 33, 34, 35, 42, 43, 44, 45, 46, 47, 52, 56, 69, 70, 71]
---->2916,[0, 1, 2, 3, 5, 9, 10, 12, 13, 14, 15, 16, 17, 21, 23, 30, 31, 32, 33, 34, 35, 42, 43, 44, 45, 46, 47, 52, 56, 69, 70]
2911,2,[0, 1, 2, 3, 5, 9, 10, 12, 13, 14, 15, 16, 17, 21, 23, 30, 31, 32, 33, 34, 35, 42, 44, 45, 46, 47, 52, 56, 69, 70, 71][43]
---->2914,[0, 1, 2, 3, 5, 9, 10, 12, 13, 14, 15, 16, 17, 21, 23, 30, 31, 32, 33, 34, 35, 42, 43, 44, 45, 46, 47, 52, 56, 69, 70, 71]
2909,2,[0, 1, 2, 9, 10, 12, 13, 14, 15, 17, 21, 23, 33, 34, 35, 42, 44, 45, 46, 47, 52, 69, 70, 71][32, 3, 5, 16, 56, 30, 31]
---->2911,[0, 1, 2, 3, 5, 9, 10, 12, 13, 14, 15, 16, 17, 21, 23, 30, 31, 32, 33, 34, 35, 42, 44, 45, 46, 47, 52, 56, 69, 70, 71]
2907,2,[0, 1, 2, 9, 10, 12, 13, 14, 15, 17, 21, 23, 33, 34, 35, 45, 46, 47, 52, 69, 70, 71][42, 43, 44]
---->2909,[0, 1, 2, 9, 10, 12, 13, 14, 15, 17, 21, 23, 33, 34, 35, 42, 44, 45, 46, 47, 52, 69, 70, 71]
2905,2,[0, 1, 2, 35, 69, 70, 33, 9, 10, 71, 45, 46, 15, 34, 17, 52, 21, 23, 47][12, 13, 14]
---->2907,[0, 1, 2, 9, 10, 12, 13, 14, 15, 17, 21, 23, 33, 34, 35, 45, 46, 47, 52, 69, 70, 71]
2897,2,[0, 1, 2, 35, 69, 70, 33, 9, 10, 71, 45, 46, 15, 34, 17, 21, 23, 47][51, 52, 53]
---->2905,[0, 1, 2, 35, 69, 70, 33, 9, 10, 71, 45, 46, 15, 34, 17, 52, 21, 23, 47]
2837,2,[0, 1, 2, 35, 69, 70, 33, 71, 45, 46, 15, 34, 17, 21, 47][9, 10, 23]
---->2897,[0, 1, 2, 35, 69, 70, 33, 9, 10, 71, 45, 46, 15, 34, 17, 21, 23, 47]
2828,1,[0, 1, 2, 35, 69, 70, 33, 71, 45, 46, 15, 34, 17, 21, 47, 16]
---->2837,[0, 1, 2, 35, 69, 70, 33, 71, 45, 46, 15, 34, 17, 21, 47]
1859,2,[0, 1, 2, 35, 17, 33, 45, 46, 15, 16, 34, 47][71, 69, 70, 21]
---->2828,[0, 1, 2, 35, 69, 70, 33, 71, 45, 46, 15, 34, 17, 21, 47, 16]
1857,2,[0, 33, 2, 35, 17, 45, 46, 15, 16, 34, 47][1]
---->1859,[0, 1, 2, 35, 17, 33, 45, 46, 15, 16, 34, 47]
1835,1,[0, 1, 2, 35, 17, 33, 45, 46, 15, 16, 34, 47]
---->1857,[0, 33, 2, 35, 17, 45, 46, 15, 16, 34, 47]
1831,2,[0, 33, 2, 35, 17, 45, 46, 15, 16, 34, 47][1]
---->1835,[0, 1, 2, 35, 17, 33, 45, 46, 15, 16, 34, 47]
1769,1,[0, 1, 2, 35, 17, 33, 45, 46, 15, 16, 34, 47]
---->1831,[0, 33, 2, 35, 17, 45, 46, 15, 16, 34, 47]
1767,2,[0, 1, 2, 35, 33, 34, 45, 47][16, 17, 46, 15]
---->1769,[0, 1, 2, 35, 17, 33, 45, 46, 15, 16, 34, 47]
1706,1,[0, 1, 2, 35, 17, 33, 45, 46, 15, 16, 34, 47]
---->1767,[0, 1, 2, 35, 33, 34, 45, 47]
1701,2,[0, 1, 2, 35, 33, 34, 45, 47][16, 17, 46, 15]
---->1706,[0, 1, 2, 35, 17, 33, 45, 46, 15, 16, 34, 47]
1666,1,[0, 1, 2, 35, 17, 33, 45, 46, 15, 16, 34, 47]
---->1701,[0, 1, 2, 35, 33, 34, 45, 47]
1589,1,[0, 1, 2, 35, 17, 33, 45, 46, 15, 16, 34, 47]
---->1666,[0, 1, 2, 35, 17, 33, 45, 46, 15, 16, 34, 47]
1580,2,[0, 1, 2, 35, 33, 34, 45, 47][16, 17, 46, 15]
---->1589,[0, 1, 2, 35, 17, 33, 45, 46, 15, 16, 34, 47]
1562,1,[0, 1, 2, 35, 17, 33, 45, 46, 15, 16, 34, 47]
---->1580,[0, 1, 2, 35, 33, 34, 45, 47]
1532,2,[0, 1, 2, 35, 33, 34, 46, 15, 16, 17][45, 47]
---->1562,[0, 1, 2, 35, 17, 33, 45, 46, 15, 16, 34, 47]
1475,1,[0, 1, 2, 35, 17, 33, 45, 46, 15, 16, 34, 47]
---->1532,[0, 1, 2, 35, 33, 34, 46, 15, 16, 17]
1440,1,[0, 1, 2, 35, 4, 33, 45, 46, 15, 16, 34, 17, 47]
---->1475,[0, 1, 2, 35, 17, 33, 45, 46, 15, 16, 34, 47]
1433,2,[0, 1, 2, 35, 4, 33, 45, 15, 16, 34, 17, 47][46]
---->1440,[0, 1, 2, 35, 4, 33, 45, 46, 15, 16, 34, 17, 47]
1427,2,[0, 1, 2, 35, 4, 33, 34, 15, 16, 17][45, 47]
---->1433,[0, 1, 2, 35, 4, 33, 45, 15, 16, 34, 17, 47]
1403,2,[0, 1, 2, 35, 33, 34, 15, 16, 17][3, 4, 5]
---->1427,[0, 1, 2, 35, 4, 33, 34, 15, 16, 17]
1390,2,[0, 1, 2, 15, 16, 17][33, 34, 35]
---->1403,[0, 1, 2, 35, 33, 34, 15, 16, 17]
1387,2,[0, 1, 2][16, 17, 15]
---->1390,[0, 1, 2, 15, 16, 17]
0,1,[0, 1, 2]
---->1387,[0, 1, 2]
1381,1,[15, 16, 17, 18, 19, 20, 24, 25, 26]
---->1387,[16, 17, 15]
1360,2,[15, 16, 17, 18, 19, 20][24, 25, 26]
---->1381,[15, 16, 17, 18, 19, 20, 24, 25, 26]
0,2,[16, 17, 15][18, 19, 20]
---->1360,[15, 16, 17, 18, 19, 20]
0,1,[24, 25, 26]
---->1360,[24, 25, 26]
0,1,[33, 34, 35]
---->1390,[33, 34, 35]
0,1,[3, 4, 5]
---->1403,[3, 4, 5]
1405,1,[45, 47]
---->1427,[45, 47]
0,1,[45, 46, 47]
---->1405,[45, 47]
1405,1,[46]
---->1433,[46]
0,1,[45, 46, 47]
---->1405,[46]
1475,1,[0, 1, 2, 35, 17, 33, 45, 46, 15, 16, 34, 47]
---->1532,[45, 47]
1562,1,[0, 1, 2, 35, 17, 33, 45, 46, 15, 16, 34, 47]
---->1580,[16, 17, 46, 15]
1666,1,[0, 1, 2, 35, 17, 33, 45, 46, 15, 16, 34, 47]
---->1701,[16, 17, 46, 15]
1706,1,[0, 1, 2, 35, 17, 33, 45, 46, 15, 16, 34, 47]
---->1767,[16, 17, 46, 15]
1769,1,[0, 1, 2, 35, 17, 33, 45, 46, 15, 16, 34, 47]
---->1831,[1]
1835,1,[0, 1, 2, 35, 17, 33, 45, 46, 15, 16, 34, 47]
---->1857,[1]
1821,1,[71, 69, 70, 21]
---->1859,[71, 69, 70, 21]
1726,1,[71, 70, 69, 22, 21]
---->1821,[71, 69, 70, 21]
1598,1,[69, 70, 71, 9, 10, 21, 22, 23]
---->1726,[71, 70, 69, 22, 21]
1574,1,[36, 70, 38, 71, 9, 10, 11, 21, 22, 23, 37, 69]
---->1598,[69, 70, 71, 9, 10, 21, 22, 23]
1570,2,[36, 70, 38, 71, 9, 10, 11, 21, 22, 23, 69][37]
---->1574,[36, 70, 38, 71, 9, 10, 11, 21, 22, 23, 37, 69]
1566,2,[36, 69, 38, 71, 9, 10, 11, 21, 22, 23][70]
---->1570,[36, 70, 38, 71, 9, 10, 11, 21, 22, 23, 69]
1546,1,[36, 70, 38, 71, 9, 10, 11, 21, 22, 23, 37, 69]
---->1566,[36, 69, 38, 71, 9, 10, 11, 21, 22, 23]
1536,2,[36, 69, 38, 71, 9, 10, 11, 21, 22, 23, 37][70]
---->1546,[36, 70, 38, 71, 9, 10, 11, 21, 22, 23, 37, 69]
1527,1,[36, 70, 38, 71, 9, 10, 11, 21, 22, 23, 37, 69]
---->1536,[36, 69, 38, 71, 9, 10, 11, 21, 22, 23, 37]
1514,1,[36, 37, 70, 71, 9, 10, 11, 21, 22, 23, 38, 69]
---->1527,[36, 70, 38, 71, 9, 10, 11, 21, 22, 23, 37, 69]
1502,2,[36, 37, 38, 71, 9, 10, 11, 21, 22, 23, 69][70]
---->1514,[36, 37, 70, 71, 9, 10, 11, 21, 22, 23, 38, 69]
1485,1,[36, 37, 70, 71, 9, 10, 11, 21, 22, 23, 38, 69]
---->1502,[36, 37, 38, 71, 9, 10, 11, 21, 22, 23, 69]
1461,2,[36, 37, 70, 9, 10, 11, 21, 22, 23, 38][69, 71]
---->1485,[36, 37, 70, 71, 9, 10, 11, 21, 22, 23, 38, 69]
1454,1,[36, 37, 70, 9, 10, 11, 49, 21, 22, 23, 38]
---->1461,[36, 37, 70, 9, 10, 11, 21, 22, 23, 38]
1446,2,[36, 37, 38, 9, 10, 11, 49, 21, 22, 23][69, 70, 71]
---->1454,[36, 37, 70, 9, 10, 11, 49, 21, 22, 23, 38]
1444,2,[36, 37, 38, 9, 10, 11][49, 21, 22, 23]
---->1446,[36, 37, 38, 9, 10, 11, 49, 21, 22, 23]
1411,2,[9, 10, 11][36, 37, 38]
---->1444,[36, 37, 38, 9, 10, 11]
1388,1,[9, 10, 11, 12, 13, 14]
---->1411,[9, 10, 11]
0,2,[9, 10, 11][12, 13, 14]
---->1388,[9, 10, 11, 12, 13, 14]
0,1,[36, 37, 38]
---->1411,[36, 37, 38]
1425,1,[49, 21, 22, 23]
---->1444,[49, 21, 22, 23]
0,2,[21, 22, 23][48, 49, 50]
---->1425,[49, 21, 22, 23]
0,1,[69, 70, 71]
---->1446,[69, 70, 71]
1454,1,[69, 71]
---->1461,[69, 71]
0,1,[69, 70, 71]
---->1454,[69, 71]
1485,1,[36, 37, 70, 71, 9, 10, 11, 21, 22, 23, 38, 69]
---->1502,[70]
1527,1,[36, 70, 38, 71, 9, 10, 11, 21, 22, 23, 37, 69]
---->1536,[70]
1546,1,[36, 70, 38, 71, 9, 10, 11, 21, 22, 23, 37, 69]
---->1566,[70]
1566,1,[37]
---->1570,[37]
1546,1,[36, 70, 38, 71, 9, 10, 11, 21, 22, 23, 37, 69]
---->1566,[37]
1726,1,[9, 10, 23]
---->2837,[9, 10, 23]
1598,1,[69, 70, 71, 9, 10, 21, 22, 23]
---->1726,[9, 10, 23]
0,1,[51, 52, 53]
---->2897,[51, 52, 53]
1411,1,[12, 13, 14]
---->2905,[12, 13, 14]
1388,1,[9, 10, 11, 12, 13, 14]
---->1411,[12, 13, 14]
0,1,[42, 43, 44]
---->2907,[42, 43, 44]
2837,1,[32, 3, 5, 16, 56, 30, 31]
---->2909,[32, 3, 5, 16, 56, 30, 31]
2828,2,[0, 1, 2, 35, 69, 70, 33, 71, 45, 46, 15, 34, 17, 21, 47, 16][32, 3, 5, 56, 30, 31]
---->2837,[32, 3, 5, 16, 56, 30, 31]
1526,1,[32, 3, 5, 56, 30, 31]
---->2828,[32, 3, 5, 56, 30, 31]
1508,2,[3, 5][32, 56, 30, 31]
---->1526,[32, 3, 5, 56, 30, 31]
1448,1,[32, 3, 5, 56, 30, 31]
---->1508,[3, 5]
1436,2,[32, 3, 5, 30, 31][56, 54, 55]
---->1448,[32, 3, 5, 56, 30, 31]
1427,2,[3, 5][32, 30, 31]
---->1436,[32, 3, 5, 30, 31]
0,1,[3, 4, 5]
---->1427,[3, 5]
290,1,[32, 30, 31]
---->1427,[32, 30, 31]
275,2,[32, 30][31]
---->290,[32, 30, 31]
0,1,[32, 30, 31]
---->275,[32, 30]
0,1,[32, 30, 31]
---->275,[31]
0,1,[56, 54, 55]
---->1436,[56, 54, 55]
1448,1,[32, 3, 5, 56, 30, 31]
---->1508,[32, 56, 30, 31]
2909,1,[43]
---->2911,[43]
0,1,[42, 43, 44]
---->2909,[43]
2911,1,[8, 51, 53, 6]
---->2916,[8, 51, 53, 6]
2909,1,[8, 51, 53, 6, 7]
---->2911,[8, 51, 53, 6]
2905,2,[8, 6, 7][51, 53]
---->2909,[8, 51, 53, 6, 7]
0,1,[8, 6, 7]
---->2905,[8, 6, 7]
0,1,[51, 52, 53]
---->2905,[51, 53]
2939,1,[43, 27, 28, 29]
---->2963,[43, 27, 28, 29]
2931,2,[0, 1, 2, 3, 5, 6, 8, 9, 10, 12, 13, 14, 15, 16, 17, 21, 23, 30, 31, 32, 33, 34, 35, 42, 43, 44, 45, 46, 47, 51, 52, 53, 56, 69, 70][27, 28, 29]
---->2939,[43, 27, 28, 29]
0,1,[27, 28, 29]
---->2931,[27, 28, 29]
3323,1,[0, 1, 2, 35, 69, 70, 33, 42, 44, 45, 46, 15, 34, 17, 21, 47]
---->3416,[45, 47]
3439,1,[0, 1, 2, 35, 69, 70, 33, 42, 44, 45, 46, 15, 34, 17, 21, 47]
---->3706,[35, 45, 47]
3127,1,[32, 3, 5, 16, 56, 30, 31]
---->3816,[16]
3073,1,[0, 1, 2, 3, 5, 15, 16, 17, 21, 30, 31, 32, 33, 34, 35, 42, 44, 45, 46, 47, 52, 56, 69, 70]
---->3127,[32, 3, 5, 16, 56, 30, 31]
3820,1,[0, 1, 2, 35, 69, 70, 33, 42, 44, 45, 46, 15, 34, 17, 21, 47, 16]
---->3837,[16]
3844,1,[0, 1, 2, 35, 69, 70, 33, 42, 44, 45, 46, 15, 34, 17, 21, 47, 16]
---->3860,[16]
3867,1,[0, 1, 2, 35, 69, 70, 33, 42, 44, 45, 46, 15, 34, 17, 21, 47, 16]
---->3883,[16]
3892,1,[0, 1, 2, 35, 69, 70, 33, 42, 44, 45, 46, 15, 34, 17, 21, 47, 16]
---->3908,[16]
3913,1,[0, 1, 2, 35, 69, 70, 33, 42, 44, 45, 46, 15, 34, 17, 21, 47, 16]
---->3930,[16]
3936,1,[0, 1, 2, 35, 69, 70, 33, 42, 44, 45, 46, 15, 34, 17, 21, 47, 16]
---->3952,[16]
3959,1,[0, 1, 2, 35, 69, 70, 33, 42, 44, 45, 46, 15, 34, 17, 21, 47, 16]
---->3977,[16]
3982,1,[0, 1, 2, 35, 69, 70, 33, 42, 44, 45, 46, 15, 34, 17, 21, 47, 16]
---->4109,[16]
4414,1,[0, 1, 34, 35, 69, 33, 45, 47]
---->5883,[45, 47]
4724,1,[32, 3, 71, 56, 30, 31]
---->5910,[32, 3, 71, 56, 30, 31]
4542,1,[32, 3, 71, 16, 56, 30, 31]
---->4724,[32, 3, 71, 56, 30, 31]
4528,2,[32, 3, 16, 56, 30, 31][71]
---->4542,[32, 3, 71, 16, 56, 30, 31]
4467,1,[32, 3, 71, 16, 56, 30, 31]
---->4528,[32, 3, 16, 56, 30, 31]
4448,1,[32, 3, 36, 38, 6, 71, 40, 41, 39, 14, 24, 16, 43, 11, 55, 56, 7, 26, 30, 31]
---->4467,[32, 3, 71, 16, 56, 30, 31]
4426,1,[32, 3, 36, 38, 6, 39, 40, 41, 11, 14, 16, 43, 24, 55, 56, 7, 71, 26, 30, 31]
---->4448,[32, 3, 36, 38, 6, 71, 40, 41, 39, 14, 24, 16, 43, 11, 55, 56, 7, 26, 30, 31]
4420,2,[32, 3, 16, 56, 30, 31][11, 36, 38, 6, 7, 40, 41, 43, 14, 55, 24, 39, 71, 26]
---->4426,[32, 3, 36, 38, 6, 39, 40, 41, 11, 14, 16, 43, 24, 55, 56, 7, 71, 26, 30, 31]
4402,1,[32, 3, 16, 56, 30, 31]
---->4420,[32, 3, 16, 56, 30, 31]
4397,1,[32, 3, 5, 16, 56, 30, 31]
---->4402,[32, 3, 16, 56, 30, 31]
4377,2,[0, 1, 2, 35, 69, 70, 33, 42, 44, 45, 46, 15, 34, 17, 21, 47, 16][32, 3, 5, 56, 30, 31]
---->4397,[32, 3, 5, 16, 56, 30, 31]
3816,1,[32, 3, 5, 56, 30, 31]
---->4377,[32, 3, 5, 56, 30, 31]
3127,1,[32, 3, 5, 16, 56, 30, 31]
---->3816,[32, 3, 5, 56, 30, 31]
4419,2,[43, 36, 38, 6, 71, 11, 14, 55, 24, 7, 26][40, 41, 39]
---->4420,[11, 36, 38, 6, 7, 40, 41, 43, 14, 55, 24, 39, 71, 26]
4399,2,[11, 36, 38, 6, 7, 43, 14, 71][24, 26, 55]
---->4419,[43, 36, 38, 6, 71, 11, 14, 55, 24, 7, 26]
4013,2,[43, 14, 6][71, 11, 36, 38, 7]
---->4399,[11, 36, 38, 6, 7, 43, 14, 71]
4008,2,[14, 6][43]
---->4013,[43, 14, 6]
3271,1,[43, 14, 6]
---->4008,[14, 6]
3237,1,[6, 8, 43, 12, 13, 14]
---->3271,[43, 14, 6]
3152,1,[6, 8, 43, 12, 13, 14]
---->3237,[6, 8, 43, 12, 13, 14]
3150,1,[6, 8, 43, 12, 13, 14]
---->3152,[6, 8, 43, 12, 13, 14]
3087,1,[6, 8, 43, 12, 13, 14]
---->3150,[6, 8, 43, 12, 13, 14]
3060,1,[6, 8, 43, 12, 13, 14]
---->3087,[6, 8, 43, 12, 13, 14]
3049,1,[6, 8, 43, 12, 13, 14]
---->3060,[6, 8, 43, 12, 13, 14]
2986,1,[0, 1, 2, 3, 5, 6, 8, 9, 10, 12, 13, 14, 15, 16, 17, 21, 23, 30, 31, 32, 33, 34, 35, 42, 43, 44, 45, 46, 47, 52, 56, 69, 70]
---->3049,[6, 8, 43, 12, 13, 14]
3271,1,[43, 14, 6]
---->4008,[43]
2928,1,[71, 11, 36, 38, 7]
---->4013,[71, 11, 36, 38, 7]
2916,2,[7][11, 36, 38, 71]
---->2928,[71, 11, 36, 38, 7]
2911,1,[7]
---->2916,[7]
2909,1,[8, 51, 53, 6, 7]
---->2911,[7]
2914,2,[0, 1, 2, 3, 5, 9, 10, 12, 13, 14, 15, 16, 17, 21, 23, 30, 31, 32, 33, 34, 35, 42, 43, 44, 45, 46, 47, 52, 56, 69, 70, 71][11, 36, 38]
---->2916,[11, 36, 38, 71]
1779,1,[11, 36, 38]
---->2914,[11, 36, 38]
1766,1,[11, 36, 37, 38]
---->1779,[11, 36, 38]
1722,2,[11, 36, 38][37]
---->1766,[11, 36, 37, 38]
1707,1,[11, 36, 37, 38]
---->1722,[11, 36, 38]
1679,2,[11, 36, 38][37]
---->1707,[11, 36, 37, 38]
1664,1,[11, 36, 37, 38]
---->1679,[11, 36, 38]
1645,2,[11, 36, 38][37]
---->1664,[11, 36, 37, 38]
1628,1,[11, 36, 37, 38]
---->1645,[11, 36, 38]
1623,2,[11, 36, 38][37]
---->1628,[11, 36, 37, 38]
1598,1,[11, 36, 37, 38]
---->1623,[11, 36, 38]
1574,1,[36, 70, 38, 71, 9, 10, 11, 21, 22, 23, 37, 69]
---->1598,[11, 36, 37, 38]
1598,1,[11, 36, 37, 38]
---->1623,[37]
1628,1,[11, 36, 37, 38]
---->1645,[37]
1664,1,[11, 36, 37, 38]
---->1679,[37]
1707,1,[11, 36, 37, 38]
---->1722,[37]
3212,1,[24, 26, 55]
---->4399,[24, 26, 55]
3004,2,[4, 18, 19, 20, 54, 55][24, 26]
---->3212,[24, 26, 55]
1475,1,[4, 18, 19, 20, 54, 55]
---->3004,[4, 18, 19, 20, 54, 55]
1452,2,[0, 1, 2, 35, 4, 33, 45, 46, 15, 16, 34, 17, 47][18, 19, 20, 54, 55]
---->1475,[4, 18, 19, 20, 54, 55]
1440,1,[0, 1, 2, 35, 4, 33, 45, 46, 15, 16, 34, 17, 47]
---->1452,[0, 1, 2, 35, 4, 33, 45, 46, 15, 16, 34, 17, 47]
1448,2,[18, 19, 20][54, 55]
---->1452,[18, 19, 20, 54, 55]
1422,1,[18, 19, 20]
---->1448,[18, 19, 20]
1387,1,[18, 19, 20, 24, 25, 26]
---->1422,[18, 19, 20]
1381,1,[15, 16, 17, 18, 19, 20, 24, 25, 26]
---->1387,[18, 19, 20, 24, 25, 26]
0,1,[56, 54, 55]
---->1448,[54, 55]
1422,1,[24, 25, 26]
---->3004,[24, 26]
1387,1,[18, 19, 20, 24, 25, 26]
---->1422,[24, 25, 26]
0,1,[40, 41, 39]
---->4419,[40, 41, 39]
4467,1,[32, 3, 71, 16, 56, 30, 31]
---->4528,[71]
5935,1,[43, 36, 38, 6, 7, 40, 41, 11, 14, 55, 24, 39, 26, 58, 31]
---->5937,[43, 36, 38, 6, 7, 40, 41, 11, 14, 55, 24, 39, 26, 58, 31]
5934,2,[0, 1, 34, 3, 69, 32, 71, 35, 56, 33, 30, 31][43, 36, 38, 6, 7, 40, 41, 11, 14, 55, 24, 39, 26, 58]
---->5935,[43, 36, 38, 6, 7, 40, 41, 11, 14, 55, 24, 39, 26, 58, 31]
5904,1,[43, 36, 38, 6, 7, 40, 41, 11, 14, 55, 24, 39, 26, 58]
---->5934,[43, 36, 38, 6, 7, 40, 41, 11, 14, 55, 24, 39, 26, 58]
4475,1,[43, 36, 38, 6, 7, 40, 41, 11, 14, 55, 24, 39, 26, 58]
---->5904,[43, 36, 38, 6, 7, 40, 41, 11, 14, 55, 24, 39, 26, 58]
4467,2,[43, 36, 38, 6, 7, 40, 41, 11, 14, 55, 24, 39, 26][57, 58, 59]
---->4475,[43, 36, 38, 6, 7, 40, 41, 11, 14, 55, 24, 39, 26, 58]
4448,1,[32, 3, 36, 38, 6, 71, 40, 41, 39, 14, 24, 16, 43, 11, 55, 56, 7, 26, 30, 31]
---->4467,[43, 36, 38, 6, 7, 40, 41, 11, 14, 55, 24, 39, 26]
0,1,[57, 58, 59]
---->4467,[57, 58, 59]
5934,1,[45, 47]
---->5948,[45, 47]
5922,1,[0, 1, 34, 3, 69, 32, 71, 45, 47, 35, 56, 33, 30, 31]
---->5934,[45, 47]
4509,1,[8, 64, 12]
---->5971,[8, 64, 12]
4488,1,[8, 64, 12, 13]
---->4509,[8, 64, 12]
4453,1,[64, 8, 12, 13, 51, 53]
---->4488,[8, 64, 12, 13]
4450,2,[8, 64, 12, 13][51, 53]
---->4453,[64, 8, 12, 13, 51, 53]
3271,2,[8, 12, 13][64, 65, 63]
---->4450,[8, 64, 12, 13]
3237,1,[6, 8, 43, 12, 13, 14]
---->3271,[8, 12, 13]
0,1,[64, 65, 63]
---->3271,[64, 65, 63]
4422,1,[51, 53]
---->4450,[51, 53]
3004,1,[25, 51, 53]
---->4422,[51, 53]
2954,2,[24, 25, 26][51, 53]
---->3004,[25, 51, 53]
1422,1,[24, 25, 26]
---->2954,[24, 25, 26]
2951,1,[0, 1, 2, 3, 5, 6, 8, 9, 10, 12, 13, 14, 15, 16, 17, 21, 23, 30, 31, 32, 33, 34, 35, 42, 44, 45, 46, 47, 51, 52, 53, 56, 69, 70]
---->2954,[51, 53]
6025,1,[0, 1, 3, 6, 7, 11, 14, 24, 26, 30, 31, 32, 33, 34, 35, 36, 38, 39, 40, 41, 43, 45, 47, 55, 56, 58, 69, 71]
---->6372,[40, 41, 58, 39]
7592,1,[0, 1, 3, 6, 7, 11, 14, 24, 26, 30, 32, 33, 35, 36, 38, 39, 40, 41, 43, 56, 58, 69, 71]
---->7637,[40, 41, 58, 39]
7668,1,[0, 1, 3, 6, 7, 11, 14, 24, 26, 30, 32, 33, 35, 36, 38, 39, 40, 41, 43, 56, 58, 69, 71]
---->7669,[32, 56, 3, 30, 71]
7695,1,[0, 1, 3, 6, 7, 11, 14, 24, 26, 30, 32, 33, 35, 36, 38, 39, 40, 41, 43, 56, 58, 69, 71]
---->7818,[11, 36, 38, 6, 7, 40, 41, 43, 14, 24, 39, 26, 58]
8887,1,[8, 64, 12, 71]
---->8921,[64]
7852,2,[0, 1, 3, 32, 69, 7, 71, 35, 56, 33, 30][8, 64, 12]
---->8887,[8, 64, 12, 71]
6025,1,[8, 64, 12]
---->7852,[8, 64, 12]
6000,2,[0, 1, 3, 6, 7, 11, 14, 24, 26, 30, 31, 32, 33, 34, 35, 36, 38, 39, 40, 41, 43, 45, 47, 55, 56, 58, 64, 69, 71][8, 12]
---->6025,[8, 64, 12]
4509,1,[8, 64, 12]
---->6000,[8, 12]
8939,1,[0, 1, 3, 69, 32, 64, 35, 56, 33, 30]
---->8973,[33, 35]
9029,1,[0, 1, 3, 69, 32, 64, 35, 56, 33, 30]
---->9175,[64, 32, 3, 30, 56]
9176,1,[0, 1, 3, 69, 32, 64, 35, 56, 33, 30]
---->9179,[64, 32, 3, 30, 56]
9226,1,[0, 1, 3, 32, 69, 33, 64, 35, 56, 30]
---->9235,[32, 56, 3, 30]
9226,1,[0, 1, 3, 32, 69, 33, 64, 35, 56, 30]
---->9235,[33, 35]
9715,1,[50, 51, 53]
---->9734,[53]
9708,2,[51, 4, 53][50]
---->9715,[50, 51, 53]
9707,2,[50, 51, 4][53]
---->9708,[51, 4, 53]
9698,2,[4][50, 51, 53]
---->9707,[50, 51, 4]
9688,1,[51, 4, 53]
---->9698,[4]
9679,2,[4][50, 51, 53]
---->9688,[51, 4, 53]
9669,1,[51, 4, 53]
---->9679,[4]
9661,2,[4][50, 51, 53]
---->9669,[51, 4, 53]
9659,1,[50, 51, 4]
---->9661,[4]
9651,2,[51, 4, 53][50]
---->9659,[50, 51, 4]
9644,2,[4][50, 51, 53]
---->9651,[51, 4, 53]
9642,1,[50, 51, 4]
---->9644,[4]
9634,2,[51, 4, 53][50]
---->9642,[50, 51, 4]
9626,2,[4][50, 51, 53]
---->9634,[51, 4, 53]
9614,1,[51, 4, 53]
---->9626,[4]
9608,2,[4][50, 51, 53]
---->9614,[51, 4, 53]
9590,1,[51, 4, 53]
---->9608,[4]
9582,2,[50, 51, 4][53]
---->9590,[51, 4, 53]
9573,2,[51, 4, 53][50]
---->9582,[50, 51, 4]
9565,2,[50, 51, 4][53]
---->9573,[51, 4, 53]
9557,2,[51, 4, 53][50]
---->9565,[50, 51, 4]
9546,2,[4][50, 51, 53]
---->9557,[51, 4, 53]
9535,1,[51, 4, 53]
---->9546,[4]
9530,2,[4][50, 51, 53]
---->9535,[51, 4, 53]
9516,1,[51, 4, 53]
---->9530,[4]
9512,2,[4][50, 51, 53]
---->9516,[51, 4, 53]
9508,1,[50, 51, 4]
---->9512,[4]
9497,2,[51, 4, 53][50]
---->9508,[50, 51, 4]
9492,2,[4][50, 51, 53]
---->9497,[51, 4, 53]
9488,1,[50, 51, 4]
---->9492,[4]
9480,2,[51, 4, 53][50]
---->9488,[50, 51, 4]
9475,2,[4][50, 51, 53]
---->9480,[51, 4, 53]
9470,1,[50, 51, 4]
---->9475,[4]
9462,2,[51, 4, 53][50]
---->9470,[50, 51, 4]
9457,2,[4][50, 51, 53]
---->9462,[51, 4, 53]
9450,1,[50, 51, 4]
---->9457,[4]
9445,2,[51, 4, 53][50]
---->9450,[50, 51, 4]
9412,2,[50, 51, 4][53]
---->9445,[51, 4, 53]
9407,2,[51, 4, 53][50]
---->9412,[50, 51, 4]
9402,2,[4][50, 51, 53]
---->9407,[51, 4, 53]
9394,1,[50, 51, 4]
---->9402,[4]
9379,2,[51, 4, 53][50]
---->9394,[50, 51, 4]
9372,2,[50, 51, 4][53]
---->9379,[51, 4, 53]
9365,2,[4][50, 51, 53]
---->9372,[50, 51, 4]
9353,1,[51, 4, 53]
---->9365,[4]
9338,2,[4][50, 51, 53]
---->9353,[51, 4, 53]
9335,1,[66, 67, 4]
---->9338,[4]
9333,2,[4][66, 67, 68]
---->9335,[66, 67, 4]
9329,1,[68, 66, 4]
---->9333,[4]
9326,2,[4][66, 67, 68]
---->9329,[68, 66, 4]
9318,1,[66, 67, 4]
---->9326,[4]
9316,2,[4][66, 67, 68]
---->9318,[66, 67, 4]
9308,1,[68, 66, 4]
---->9316,[4]
9299,2,[66, 67, 4][68]
---->9308,[68, 66, 4]
9297,2,[4][66, 67, 68]
---->9299,[66, 67, 4]
9291,1,[68, 66, 4]
---->9297,[4]
9281,2,[66, 67, 4][68]
---->9291,[68, 66, 4]
9272,2,[4][66, 67, 68]
---->9281,[66, 67, 4]
9263,1,[66, 67, 4]
---->9272,[4]
9251,2,[4][66, 67, 68]
---->9263,[66, 67, 4]
9246,1,[66, 67, 4]
---->9251,[4]
9224,2,[4][66, 67, 68]
---->9246,[66, 67, 4]
9221,1,[51, 4, 53]
---->9224,[4]
9212,2,[50, 51, 4][53]
---->9221,[51, 4, 53]
9206,2,[4][50, 51, 53]
---->9212,[50, 51, 4]
9201,1,[51, 4, 53]
---->9206,[4]
9191,2,[50, 51, 4][53]
---->9201,[51, 4, 53]
9177,2,[4][50, 51, 53]
---->9191,[50, 51, 4]
9173,1,[66, 67, 4]
---->9177,[4]
9168,2,[4][66, 67, 68]
---->9173,[66, 67, 4]
9165,1,[51, 4, 53]
---->9168,[4]
9156,2,[50, 51, 4][53]
---->9165,[51, 4, 53]
9146,2,[51, 4, 53][50]
---->9156,[50, 51, 4]
9139,2,[50, 51, 4][53]
---->9146,[51, 4, 53]
9131,2,[4][50, 51, 53]
---->9139,[50, 51, 4]
9125,1,[51, 4, 53]
---->9131,[4]
9118,2,[50, 51, 4][53]
---->9125,[51, 4, 53]
9114,2,[4][50, 51, 53]
---->9118,[50, 51, 4]
9103,1,[51, 4, 53]
---->9114,[4]
9100,2,[50, 51, 4][53]
---->9103,[51, 4, 53]
9092,2,[4][50, 51, 53]
---->9100,[50, 51, 4]
8947,1,[51, 4, 53]
---->9092,[4]
8939,2,[4, 7, 9, 10, 18, 19, 20, 54, 23, 52, 28][51, 53]
---->8947,[51, 4, 53]
8937,2,[0, 1, 3, 69, 32, 64, 7, 35, 56, 33, 30][4, 9, 10, 18, 19, 20, 54, 23, 52, 28]
---->8939,[4, 7, 9, 10, 18, 19, 20, 54, 23, 52, 28]
8925,1,[4, 9, 10, 18, 19, 20, 54, 23, 52, 28]
---->8937,[4, 9, 10, 18, 19, 20, 54, 23, 52, 28]
8920,1,[4, 9, 10, 50, 18, 19, 20, 54, 23, 52, 28]
---->8925,[4, 9, 10, 18, 19, 20, 54, 23, 52, 28]
8918,2,[4, 9, 10, 50, 18, 19, 20, 54, 23, 52][28]
---->8920,[4, 9, 10, 50, 18, 19, 20, 54, 23, 52, 28]
8898,1,[4, 9, 10, 50, 18, 19, 20, 54, 23, 52]
---->8918,[4, 9, 10, 50, 18, 19, 20, 54, 23, 52]
7535,2,[4, 9, 10, 18, 19, 20, 54, 23, 52][48, 49, 50]
---->8898,[4, 9, 10, 50, 18, 19, 20, 54, 23, 52]
7526,2,[4, 9, 18, 19, 20, 54, 23, 52][10]
---->7535,[4, 9, 10, 18, 19, 20, 54, 23, 52]
6504,1,[4, 9, 10, 18, 19, 20, 54, 23, 52]
---->7526,[4, 9, 18, 19, 20, 54, 23, 52]
5873,1,[4, 9, 10, 18, 19, 20, 54, 23, 52]
---->6504,[4, 9, 10, 18, 19, 20, 54, 23, 52]
5468,1,[4, 9, 10, 18, 19, 20, 54, 23, 52]
---->5873,[4, 9, 10, 18, 19, 20, 54, 23, 52]
5454,1,[4, 9, 10, 18, 19, 20, 54, 23, 52]
---->5468,[4, 9, 10, 18, 19, 20, 54, 23, 52]
5438,1,[4, 9, 10, 18, 19, 20, 54, 23, 52]
---->5454,[4, 9, 10, 18, 19, 20, 54, 23, 52]
5363,1,[4, 9, 10, 18, 19, 20, 54, 23, 52]
---->5438,[4, 9, 10, 18, 19, 20, 54, 23, 52]
5354,1,[4, 9, 10, 18, 19, 20, 54, 23, 52]
---->5363,[4, 9, 10, 18, 19, 20, 54, 23, 52]
4425,1,[4, 9, 10, 18, 19, 20, 54, 23, 52]
---->5354,[4, 9, 10, 18, 19, 20, 54, 23, 52]
4382,1,[4, 9, 10, 18, 19, 20, 54, 23, 52]
---->4425,[4, 9, 10, 18, 19, 20, 54, 23, 52]
3323,2,[4, 18, 19, 20, 54, 52][9, 10, 23]
---->4382,[4, 9, 10, 18, 19, 20, 54, 23, 52]
3212,2,[0, 1, 2, 35, 69, 70, 33, 42, 44, 45, 46, 15, 34, 17, 52, 21, 47][20, 18, 19, 4, 54]
---->3323,[4, 18, 19, 20, 54, 52]
3127,1,[0, 1, 2, 35, 69, 70, 33, 42, 44, 45, 46, 15, 34, 17, 52, 21, 47]
---->3212,[0, 1, 2, 35, 69, 70, 33, 42, 44, 45, 46, 15, 34, 17, 52, 21, 47]
1475,1,[4, 18, 19, 20, 54, 55]
---->3212,[20, 18, 19, 4, 54]
3073,1,[9, 10, 23]
---->3323,[9, 10, 23]
3049,1,[0, 1, 2, 3, 5, 9, 10, 15, 16, 17, 21, 23, 30, 31, 32, 33, 34, 35, 42, 44, 45, 46, 47, 52, 56, 69, 70]
---->3073,[9, 10, 23]
6504,1,[4, 9, 10, 18, 19, 20, 54, 23, 52]
---->7526,[10]
1623,1,[48, 49, 50]
---->7535,[48, 49, 50]
1618,2,[48, 49][50]
---->1623,[48, 49, 50]
1581,1,[48, 49, 50]
---->1618,[48, 49]
1574,2,[48, 49][50]
---->1581,[48, 49, 50]
1557,1,[48, 49, 50]
---->1574,[48, 49]
1555,2,[48, 49][50]
---->1557,[48, 49, 50]
1538,1,[48, 49, 50]
---->1555,[48, 49]
1530,2,[48, 49][50]
---->1538,[48, 49, 50]
1515,1,[48, 49, 50]
---->1530,[48, 49]
1506,2,[48, 49][50]
---->1515,[48, 49, 50]
1461,1,[48, 49, 50]
---->1506,[48, 49]
1454,2,[36, 37, 70, 9, 10, 11, 49, 21, 22, 23, 38][48, 50]
---->1461,[48, 49, 50]
1425,1,[48, 50]
---->1454,[48, 50]
0,1,[48, 49, 50]
---->1425,[48, 50]
1461,1,[48, 49, 50]
---->1506,[50]
1515,1,[48, 49, 50]
---->1530,[50]
1538,1,[48, 49, 50]
---->1555,[50]
1557,1,[48, 49, 50]
---->1574,[50]
1581,1,[48, 49, 50]
---->1618,[50]
4466,1,[65, 28, 63]
---->8918,[28]
4450,2,[27, 28, 5, 29][65, 63]
---->4466,[65, 28, 63]
4402,1,[27, 28, 5, 29]
---->4450,[27, 28, 5, 29]
4397,2,[32, 3, 5, 16, 56, 30, 31][27, 28, 29]
---->4402,[27, 28, 5, 29]
2986,1,[27, 28, 29]
---->4397,[27, 28, 29]
2939,1,[43, 27, 28, 29]
---->2986,[27, 28, 29]
0,1,[64, 65, 63]
---->4450,[65, 63]
8927,1,[51, 53]
---->8939,[51, 53]
4509,1,[51, 13, 53]
---->8927,[51, 53]
4488,2,[8, 64, 12, 13][51, 53]
---->4509,[51, 13, 53]
4453,1,[64, 8, 12, 13, 51, 53]
---->4488,[51, 53]
9087,2,[51, 4, 53][50]
---->9092,[50, 51, 53]
8947,1,[51, 4, 53]
---->9087,[51, 4, 53]
9039,1,[50, 27, 13, 29]
---->9087,[50]
9024,2,[27, 13, 29][50]
---->9039,[50, 27, 13, 29]
9003,1,[27, 13, 29]
---->9024,[27, 13, 29]
8970,1,[50, 27, 13, 29]
---->9003,[27, 13, 29]
8966,2,[27, 13, 29][50]
---->8970,[50, 27, 13, 29]
8927,1,[27, 13, 29]
---->8966,[27, 13, 29]
8908,2,[51, 13, 53][27, 29]
---->8927,[27, 13, 29]
4509,1,[51, 13, 53]
---->8908,[51, 13, 53]
4625,1,[27, 5, 29]
---->8908,[27, 29]
4605,2,[57, 59, 5][27, 29]
---->4625,[27, 5, 29]
4534,2,[27, 5, 29][57, 59]
---->4605,[57, 59, 5]
4466,1,[27, 5, 29]
---->4534,[27, 5, 29]
4402,1,[27, 28, 5, 29]
---->4466,[27, 5, 29]
4484,1,[2, 70, 46, 15, 17, 21, 57, 59]
---->4534,[57, 59]
4475,2,[2, 70, 46, 15, 17, 21][57, 59]
---->4484,[2, 70, 46, 15, 17, 21, 57, 59]
4414,1,[2, 70, 46, 15, 17, 21]
---->4475,[2, 70, 46, 15, 17, 21]
4412,1,[0, 1, 34, 35, 69, 70, 33, 2, 45, 46, 15, 17, 21, 47]
---->4414,[2, 70, 46, 15, 17, 21]
0,1,[57, 58, 59]
---->4475,[57, 59]
4466,1,[27, 5, 29]
---->4605,[27, 29]
8925,1,[48, 49, 50, 5]
---->8966,[50]
8920,2,[4, 9, 10, 50, 18, 19, 20, 54, 23, 52, 28][48, 49, 5]
---->8925,[48, 49, 50, 5]
8908,1,[48, 49, 5]
---->8920,[48, 49, 5]
8898,2,[27, 5, 29][48, 49]
---->8908,[48, 49, 5]
4625,1,[27, 5, 29]
---->8898,[27, 5, 29]
1623,1,[48, 49, 50]
---->8898,[48, 49]
9018,1,[48, 49, 50]
---->9024,[50]
9010,2,[48, 50, 5][49]
---->9018,[48, 49, 50]
9003,2,[48, 49, 5][50]
---->9010,[48, 50, 5]
8966,1,[48, 49, 5]
---->9003,[48, 49, 5]
8925,1,[48, 49, 50, 5]
---->8966,[48, 49, 5]
8970,1,[50, 27, 13, 29]
---->9003,[50]
8966,1,[48, 49, 5]
---->9010,[49]
9092,1,[50, 51, 53]
---->9100,[53]
9103,2,[51, 4, 53][50]
---->9114,[50, 51, 53]
9100,1,[50, 51, 4]
---->9103,[50]
9114,1,[50, 51, 53]
---->9118,[53]
9125,2,[51, 4, 53][50]
---->9131,[50, 51, 53]
9118,1,[50, 51, 4]
---->9125,[50]
9131,1,[50, 51, 53]
---->9139,[53]
9139,1,[50, 51, 4]
---->9146,[50]
9146,1,[51, 4, 53]
---->9156,[53]
0,1,[66, 67, 68]
---->9168,[66, 67, 68]
9168,1,[50, 51, 53]
---->9177,[50, 51, 53]
9165,2,[51, 4, 53][50]
---->9168,[50, 51, 53]
9156,1,[50, 51, 4]
---->9165,[50]
9168,1,[50, 51, 53]
---->9191,[53]
9201,2,[51, 4, 53][50]
---->9206,[50, 51, 53]
9191,1,[50, 51, 4]
---->9201,[50]
9206,1,[50, 51, 53]
---->9212,[53]
9177,1,[66, 67, 68]
---->9224,[66, 67, 68]
9173,2,[66, 67, 4][68]
---->9177,[66, 67, 68]
0,1,[66, 67, 68]
---->9173,[68]
9246,2,[66, 67, 4][68]
---->9251,[66, 67, 68]
9177,1,[66, 67, 68]
---->9246,[68]
9263,2,[66, 67, 4][68]
---->9272,[66, 67, 68]
9251,1,[66, 67, 68]
---->9263,[68]
9272,1,[66, 67, 68]
---->9281,[68]
9291,2,[68, 66, 4][67]
---->9297,[66, 67, 68]
9281,1,[66, 67, 4]
---->9291,[67]
9297,1,[66, 67, 68]
---->9299,[68]
9308,2,[68, 66, 4][67]
---->9316,[66, 67, 68]
9299,1,[66, 67, 4]
---->9308,[67]
9318,2,[66, 67, 4][68]
---->9326,[66, 67, 68]
9316,1,[66, 67, 68]
---->9318,[68]
9329,2,[68, 66, 4][67]
---->9333,[66, 67, 68]
9326,1,[66, 67, 68]
---->9329,[67]
9224,1,[50, 51, 53]
---->9338,[50, 51, 53]
9221,2,[51, 4, 53][50]
---->9224,[50, 51, 53]
9212,1,[50, 51, 4]
---->9221,[50]
9353,2,[51, 4, 53][50]
---->9365,[50, 51, 53]
9224,1,[50, 51, 53]
---->9353,[50]
9365,1,[50, 51, 53]
---->9372,[53]
9372,1,[50, 51, 4]
---->9379,[50]
9394,2,[50, 51, 4][53]
---->9402,[50, 51, 53]
9379,1,[51, 4, 53]
---->9394,[53]
9402,1,[50, 51, 53]
---->9407,[50]
9407,1,[51, 4, 53]
---->9412,[53]
9412,1,[50, 51, 4]
---->9445,[50]
9450,2,[50, 51, 4][53]
---->9457,[50, 51, 53]
9445,1,[51, 4, 53]
---->9450,[53]
9457,1,[50, 51, 53]
---->9462,[50]
9470,2,[50, 51, 4][53]
---->9475,[50, 51, 53]
9462,1,[51, 4, 53]
---->9470,[53]
9475,1,[50, 51, 53]
---->9480,[50]
9488,2,[50, 51, 4][53]
---->9492,[50, 51, 53]
9480,1,[51, 4, 53]
---->9488,[53]
9492,1,[50, 51, 53]
---->9497,[50]
9508,2,[50, 51, 4][53]
---->9512,[50, 51, 53]
9497,1,[51, 4, 53]
---->9508,[53]
9516,2,[51, 4, 53][50]
---->9530,[50, 51, 53]
9512,1,[50, 51, 53]
---->9516,[50]
9535,2,[51, 4, 53][50]
---->9546,[50, 51, 53]
9530,1,[50, 51, 53]
---->9535,[50]
9546,1,[50, 51, 53]
---->9557,[50]
9557,1,[51, 4, 53]
---->9565,[53]
9565,1,[50, 51, 4]
---->9573,[50]
9573,1,[51, 4, 53]
---->9582,[53]
9590,2,[51, 4, 53][50]
---->9608,[50, 51, 53]
9582,1,[50, 51, 4]
---->9590,[50]
9614,2,[51, 4, 53][50]
---->9626,[50, 51, 53]
9608,1,[50, 51, 53]
---->9614,[50]
9626,1,[50, 51, 53]
---->9634,[50]
9642,2,[50, 51, 4][53]
---->9644,[50, 51, 53]
9634,1,[51, 4, 53]
---->9642,[53]
9644,1,[50, 51, 53]
---->9651,[50]
9659,2,[50, 51, 4][53]
---->9661,[50, 51, 53]
9651,1,[51, 4, 53]
---->9659,[53]
9669,2,[51, 4, 53][50]
---->9679,[50, 51, 53]
9661,1,[50, 51, 53]
---->9669,[50]
9688,2,[51, 4, 53][50]
---->9698,[50, 51, 53]
9679,1,[50, 51, 53]
---->9688,[50]
9698,1,[50, 51, 53]
---->9707,[53]
9707,1,[50, 51, 4]
---->9708,[50]
9743,2,[0, 1, 3, 32, 69, 33, 64, 35, 53, 56, 30][50, 51, 4]
---->9760,[51, 4, 53]
9734,1,[50, 51, 4]
---->9743,[50, 51, 4]
9715,2,[4][50, 51, 53]
---->9734,[50, 51, 4]
9708,1,[51, 4, 53]
---->9715,[4]
9766,1,[50, 51, 4]
---->10414,[50, 51, 4]
9760,2,[51, 4, 53][50]
---->9766,[50, 51, 4]
9734,1,[50, 51, 4]
---->9760,[50]
10452,2,[0, 32, 3, 1, 33, 50, 35, 56, 30][43, 11, 14, 6, 61]
---->10500,[11, 6, 43, 14, 50, 61]
10448,1,[43, 11, 14, 6, 61]
---->10452,[43, 11, 14, 6, 61]
10446,2,[43, 11, 14, 6][61]
---->10448,[43, 11, 14, 6, 61]
10441,1,[11, 36, 6, 38, 43, 14, 18, 19, 20, 23, 52, 28]
---->10446,[43, 11, 14, 6]
10417,1,[11, 36, 6, 38, 43, 14, 18, 19, 20, 23, 52, 59, 28]
---->10441,[11, 36, 6, 38, 43, 14, 18, 19, 20, 23, 52, 28]
10401,2,[11, 36, 6, 38, 43, 14][18, 19, 20, 23, 52, 59, 28]
---->10417,[11, 36, 6, 38, 43, 14, 18, 19, 20, 23, 52, 59, 28]
8371,1,[11, 36, 6, 38, 43, 14]
---->10401,[11, 36, 6, 38, 43, 14]
7852,1,[11, 36, 38, 6, 39, 40, 41, 43, 14, 24, 26, 58]
---->8371,[11, 36, 6, 38, 43, 14]
7818,1,[11, 36, 38, 6, 7, 40, 41, 43, 14, 24, 39, 26, 58]
---->7852,[11, 36, 38, 6, 39, 40, 41, 43, 14, 24, 26, 58]
10389,1,[9, 10, 18, 19, 20, 54, 23, 52, 59, 28]
---->10401,[18, 19, 20, 23, 52, 59, 28]
10378,2,[2, 70, 34, 46, 15, 16, 17, 21, 57, 59, 31][9, 10, 18, 19, 20, 54, 23, 52, 28]
---->10389,[9, 10, 18, 19, 20, 54, 23, 52, 59, 28]
8958,1,[2, 70, 34, 46, 15, 16, 17, 21, 57, 59, 31]
---->10378,[2, 70, 34, 46, 15, 16, 17, 21, 57, 59, 31]
8919,1,[2, 59, 70, 34, 46, 15, 16, 17, 21, 57, 47, 31]
---->8958,[2, 70, 34, 46, 15, 16, 17, 21, 57, 59, 31]
7554,2,[2, 70, 34, 46, 15, 16, 17, 21, 57, 59, 31][55, 45, 47]
---->8919,[2, 59, 70, 34, 46, 15, 16, 17, 21, 57, 47, 31]
7553,2,[2, 70, 46, 15, 16, 17, 21, 57, 59, 31][34]
---->7554,[2, 70, 34, 46, 15, 16, 17, 21, 57, 59, 31]
7531,1,[2, 70, 34, 46, 15, 16, 17, 21, 57, 59, 31]
---->7553,[2, 70, 46, 15, 16, 17, 21, 57, 59, 31]
7524,2,[2, 70, 46, 15, 16, 17, 21, 57, 59, 31][34]
---->7531,[2, 70, 34, 46, 15, 16, 17, 21, 57, 59, 31]
7516,1,[2, 70, 34, 46, 15, 16, 17, 21, 57, 59, 31]
---->7524,[2, 70, 46, 15, 16, 17, 21, 57, 59, 31]
7513,2,[2, 70, 34, 46, 15, 16, 17, 21, 31][57, 59]
---->7516,[2, 70, 34, 46, 15, 16, 17, 21, 57, 59, 31]
7453,1,[2, 70, 34, 46, 15, 16, 17, 21, 57, 59, 31]
---->7513,[2, 70, 34, 46, 15, 16, 17, 21, 31]
7443,2,[0, 1, 3, 6, 7, 11, 14, 24, 26, 30, 31, 32, 33, 35, 36, 38, 39, 40, 41, 43, 45, 47, 56, 58, 69, 71][2, 70, 34, 46, 15, 16, 17, 21, 57, 59]
---->7453,[2, 70, 34, 46, 15, 16, 17, 21, 57, 59, 31]
7433,1,[2, 70, 34, 46, 15, 16, 17, 21, 57, 59]
---->7443,[2, 70, 34, 46, 15, 16, 17, 21, 57, 59]
7387,2,[0, 1, 3, 6, 7, 11, 14, 24, 26, 30, 31, 32, 33, 34, 35, 36, 38, 39, 40, 41, 43, 45, 47, 55, 56, 58, 69, 71][2, 70, 46, 15, 16, 17, 21, 57, 59]
---->7433,[2, 70, 34, 46, 15, 16, 17, 21, 57, 59]
6000,1,[2, 70, 46, 15, 16, 17, 21, 57, 59]
---->7387,[2, 70, 46, 15, 16, 17, 21, 57, 59]
5966,2,[2, 70, 46, 15, 16, 17, 21][57, 59]
---->6000,[2, 70, 46, 15, 16, 17, 21, 57, 59]
4955,1,[2, 70, 46, 15, 16, 17, 21, 57, 59]
---->5966,[2, 70, 46, 15, 16, 17, 21]
4945,1,[2, 70, 46, 15, 16, 17, 21, 57, 59]
---->4955,[2, 70, 46, 15, 16, 17, 21, 57, 59]
4913,1,[2, 70, 46, 15, 16, 17, 21, 57, 59]
---->4945,[2, 70, 46, 15, 16, 17, 21, 57, 59]
4896,1,[2, 70, 46, 15, 16, 17, 21, 57, 59]
---->4913,[2, 70, 46, 15, 16, 17, 21, 57, 59]
4879,1,[2, 70, 46, 15, 16, 17, 21, 57, 59]
---->4896,[2, 70, 46, 15, 16, 17, 21, 57, 59]
4727,1,[2, 70, 46, 15, 16, 17, 21, 57, 59]
---->4879,[2, 70, 46, 15, 16, 17, 21, 57, 59]
4724,2,[2, 70, 46, 15, 17, 21, 57, 59][16]
---->4727,[2, 70, 46, 15, 16, 17, 21, 57, 59]
4692,1,[2, 70, 46, 15, 17, 21, 57, 59]
---->4724,[2, 70, 46, 15, 17, 21, 57, 59]
4685,2,[2, 70, 46, 15, 17, 21][57, 59]
---->4692,[2, 70, 46, 15, 17, 21, 57, 59]
4672,1,[2, 70, 46, 15, 17, 21, 57, 59]
---->4685,[2, 70, 46, 15, 17, 21]
4647,1,[2, 70, 46, 15, 17, 21, 57, 59]
---->4672,[2, 70, 46, 15, 17, 21, 57, 59]
4639,1,[2, 70, 46, 15, 17, 21, 57, 59]
---->4647,[2, 70, 46, 15, 17, 21, 57, 59]
4631,1,[2, 70, 46, 15, 17, 21, 57, 59]
---->4639,[2, 70, 46, 15, 17, 21, 57, 59]
4625,2,[2, 70, 46, 15, 17, 21][57, 59]
---->4631,[2, 70, 46, 15, 17, 21, 57, 59]
4614,1,[2, 70, 46, 15, 17, 21]
---->4625,[2, 70, 46, 15, 17, 21]
4598,1,[2, 70, 46, 15, 17, 21]
---->4614,[2, 70, 46, 15, 17, 21]
4542,1,[2, 70, 46, 15, 17, 21]
---->4598,[2, 70, 46, 15, 17, 21]
4534,1,[2, 70, 46, 15, 17, 21]
---->4542,[2, 70, 46, 15, 17, 21]
4484,1,[2, 70, 46, 15, 17, 21, 57, 59]
---->4534,[2, 70, 46, 15, 17, 21]
4605,1,[57, 59, 5]
---->4625,[57, 59]
4672,1,[2, 70, 46, 15, 17, 21, 57, 59]
---->4685,[57, 59]
4542,1,[32, 3, 71, 16, 56, 30, 31]
---->4724,[16]
4955,1,[2, 70, 46, 15, 16, 17, 21, 57, 59]
---->5966,[57, 59]
7453,1,[2, 70, 34, 46, 15, 16, 17, 21, 57, 59, 31]
---->7513,[57, 59]
7516,1,[2, 70, 34, 46, 15, 16, 17, 21, 57, 59, 31]
---->7524,[34]
7531,1,[2, 70, 34, 46, 15, 16, 17, 21, 57, 59, 31]
---->7553,[34]
7472,1,[55, 45, 47]
---->7554,[55, 45, 47]
7467,2,[45, 47][55]
---->7472,[55, 45, 47]
7453,1,[0, 1, 3, 6, 7, 11, 14, 24, 26, 30, 32, 33, 35, 36, 38, 39, 40, 41, 43, 45, 47, 56, 58, 69, 71]
---->7467,[45, 47]
7443,1,[55]
---->7467,[55]
7433,1,[0, 1, 3, 6, 7, 11, 14, 24, 26, 30, 31, 32, 33, 35, 36, 38, 39, 40, 41, 43, 45, 47, 55, 56, 58, 69, 71]
---->7443,[55]
9297,1,[9, 10, 18, 19, 20, 54, 23, 52, 28]
---->10378,[9, 10, 18, 19, 20, 54, 23, 52, 28]
9292,2,[9, 10, 28, 54, 23][52, 18, 19, 20]
---->9297,[9, 10, 18, 19, 20, 54, 23, 52, 28]
9000,1,[9, 10, 18, 19, 20, 54, 23, 52, 28]
---->9292,[9, 10, 28, 54, 23]
8947,1,[7, 9, 10, 18, 19, 20, 54, 23, 52, 28]
---->9000,[9, 10, 18, 19, 20, 54, 23, 52, 28]
8939,1,[4, 7, 9, 10, 18, 19, 20, 54, 23, 52, 28]
---->8947,[7, 9, 10, 18, 19, 20, 54, 23, 52, 28]
9000,1,[9, 10, 18, 19, 20, 54, 23, 52, 28]
---->9292,[52, 18, 19, 20]
10444,1,[61]
---->10446,[61]
0,1,[60, 61, 62]
---->10444,[61]
10550,1,[32, 56, 50, 3, 30]
---->10553,[32, 56, 3, 30]
10530,1,[0, 32, 35, 1, 33, 50, 3, 56, 30]
---->10550,[32, 56, 50, 3, 30]
11002,1,[9, 10, 59, 54, 63]
---->11564,[9, 10, 59, 54, 63]
10992,2,[9, 10, 54, 63][59]
---->11002,[9, 10, 59, 54, 63]
10986,1,[9, 10, 54, 63]
---->10992,[9, 10, 54, 63]
10954,1,[9, 10, 59, 54, 63]
---->10986,[9, 10, 54, 63]
10934,2,[9, 10, 54, 63][59]
---->10954,[9, 10, 59, 54, 63]
10422,1,[9, 10, 54, 63]
---->10934,[9, 10, 54, 63]
10413,1,[9, 10, 55, 54, 63]
---->10422,[9, 10, 54, 63]
10401,2,[9, 10, 54][65, 63, 55]
---->10413,[9, 10, 55, 54, 63]
10389,1,[9, 10, 18, 19, 20, 54, 23, 52, 59, 28]
---->10401,[9, 10, 54]
9310,1,[65, 63, 55]
---->10401,[65, 63, 55]
9307,2,[55][65, 63]
---->9310,[65, 63, 55]
9289,1,[65, 63, 55]
---->9307,[55]
9283,2,[55][65, 63]
---->9289,[65, 63, 55]
9246,1,[65, 63, 55]
---->9283,[55]
9239,2,[55][65, 63]
---->9246,[65, 63, 55]
9158,1,[65, 63, 55]
---->9239,[55]
9154,2,[55][65, 63]
---->9158,[65, 63, 55]
9117,1,[65, 63, 55]
---->9154,[55]
9111,2,[55][65, 63]
---->9117,[65, 63, 55]
9097,1,[65, 63, 55]
---->9111,[55]
9085,2,[55][65, 63]
---->9097,[65, 63, 55]
9072,1,[65, 63, 55]
---->9085,[55]
9057,2,[55][65, 63]
---->9072,[65, 63, 55]
9044,1,[65, 63, 55]
---->9057,[55]
9033,2,[55][65, 63]
---->9044,[65, 63, 55]
9012,1,[55, 45, 7]
---->9033,[55]
9010,2,[7][55, 45, 47]
---->9012,[55, 45, 7]
9004,1,[47, 45, 7]
---->9010,[7]
9000,2,[55, 45, 7][47]
---->9004,[47, 45, 7]
8958,2,[7, 9, 10, 18, 19, 20, 54, 23, 52, 28][55, 45, 47]
---->9000,[55, 45, 7]
8947,1,[7, 9, 10, 18, 19, 20, 54, 23, 52, 28]
---->8958,[7, 9, 10, 18, 19, 20, 54, 23, 52, 28]
8919,2,[2, 59, 70, 34, 46, 15, 16, 17, 21, 57, 47, 31][45, 55]
---->8958,[55, 45, 47]
7472,1,[55, 45, 47]
---->8919,[45, 55]
8958,1,[55, 45, 47]
---->9000,[47]
9004,2,[47, 45, 7][55]
---->9010,[55, 45, 47]
9000,1,[55, 45, 7]
---->9004,[55]
8918,1,[65, 63]
---->9033,[65, 63]
4466,1,[65, 28, 63]
---->8918,[65, 63]
9044,1,[65, 63, 55]
---->9057,[65, 63]
9072,1,[65, 63, 55]
---->9085,[65, 63]
9097,1,[65, 63, 55]
---->9111,[65, 63]
9117,1,[65, 63, 55]
---->9154,[65, 63]
9158,1,[65, 63, 55]
---->9239,[65, 63]
9246,1,[65, 63, 55]
---->9283,[65, 63]
9289,1,[65, 63, 55]
---->9307,[65, 63]
10933,1,[60, 59, 28]
---->10934,[59]
10925,2,[28][59, 60, 62]
---->10933,[60, 59, 28]
10856,1,[36, 38, 23, 18, 19, 20, 55, 52, 28]
---->10925,[28]
10855,2,[36, 38, 55, 18, 19, 20, 23, 52][28]
---->10856,[36, 38, 23, 18, 19, 20, 55, 52, 28]
10832,1,[36, 38, 55, 18, 19, 20, 23, 52]
---->10855,[36, 38, 55, 18, 19, 20, 23, 52]
10449,1,[36, 38, 23, 18, 19, 20, 55, 52, 28]
---->10832,[36, 38, 55, 18, 19, 20, 23, 52]
10446,2,[2, 70, 34, 46, 15, 16, 17, 21, 55, 57, 53, 31][36, 38, 18, 19, 20, 23, 52, 28]
---->10449,[36, 38, 23, 18, 19, 20, 55, 52, 28]
10432,1,[2, 70, 34, 46, 15, 16, 17, 21, 55, 57, 53, 31]
---->10446,[2, 70, 34, 46, 15, 16, 17, 21, 55, 57, 53, 31]
10422,1,[2, 70, 34, 46, 15, 16, 17, 53, 55, 57, 21, 31]
---->10432,[2, 70, 34, 46, 15, 16, 17, 21, 55, 57, 53, 31]
10414,2,[2, 70, 34, 46, 15, 16, 17, 53, 57, 21, 31][9, 10, 55, 54, 63]
---->10422,[2, 70, 34, 46, 15, 16, 17, 53, 55, 57, 21, 31]
10413,2,[0, 1, 3, 33, 32, 35, 53, 56, 30][2, 70, 34, 46, 15, 16, 17, 21, 57, 31]
---->10414,[2, 70, 34, 46, 15, 16, 17, 53, 57, 21, 31]
10389,1,[2, 70, 34, 46, 15, 16, 17, 21, 57, 31]
---->10413,[2, 70, 34, 46, 15, 16, 17, 21, 57, 31]
8958,1,[2, 70, 34, 46, 15, 16, 17, 21, 57, 59, 31]
---->10389,[2, 70, 34, 46, 15, 16, 17, 21, 57, 31]
10413,1,[9, 10, 55, 54, 63]
---->10414,[9, 10, 55, 54, 63]
10441,1,[11, 36, 6, 38, 43, 14, 18, 19, 20, 23, 52, 28]
---->10446,[36, 38, 18, 19, 20, 23, 52, 28]
10853,1,[60, 59, 28]
---->10855,[28]
10832,2,[28][59, 60, 62]
---->10853,[60, 59, 28]
10449,1,[36, 38, 23, 18, 19, 20, 55, 52, 28]
---->10832,[28]
10444,1,[59, 60, 62]
---->10832,[59, 60, 62]
10441,2,[59][60, 61, 62]
---->10444,[59, 60, 62]
10417,1,[11, 36, 6, 38, 43, 14, 18, 19, 20, 23, 52, 59, 28]
---->10441,[59]
0,1,[60, 61, 62]
---->10441,[60, 61, 62]
10855,1,[59, 60, 62]
---->10925,[59, 60, 62]
10853,2,[60, 59, 28][62]
---->10855,[59, 60, 62]
10444,1,[59, 60, 62]
---->10853,[62]
10987,1,[60, 59, 28]
---->10992,[59]
10986,2,[60, 28, 62][59]
---->10987,[60, 59, 28]
10934,1,[60, 28, 62]
---->10986,[60, 28, 62]
10933,2,[60, 59, 28][62]
---->10934,[60, 28, 62]
10855,1,[59, 60, 62]
---->10933,[62]
10954,1,[9, 10, 59, 54, 63]
---->10986,[59]
11911,1,[2, 70, 34, 46, 15, 16, 17, 53, 57, 27, 21, 29, 31]
---->11917,[2, 70, 34, 46, 15, 16, 17, 53, 57, 27, 21, 29, 31]
11899,1,[2, 70, 34, 46, 15, 16, 17, 53, 57, 27, 21, 29, 31]
---->11911,[2, 70, 34, 46, 15, 16, 17, 53, 57, 27, 21, 29, 31]
11898,1,[2, 70, 15, 34, 46, 13, 16, 17, 53, 57, 27, 21, 29, 31]
---->11899,[2, 70, 34, 46, 15, 16, 17, 53, 57, 27, 21, 29, 31]
10602,2,[2, 70, 34, 46, 15, 16, 17, 53, 57, 21, 31][27, 13, 29]
---->11898,[2, 70, 15, 34, 46, 13, 16, 17, 53, 57, 27, 21, 29, 31]
10549,2,[16, 2, 31][34, 70, 46, 15, 17, 21, 57, 53]
---->10602,[2, 70, 34, 46, 15, 16, 17, 53, 57, 21, 31]
10510,1,[2, 70, 34, 46, 15, 16, 17, 53, 57, 21, 31]
---->10549,[16, 2, 31]
10449,1,[2, 70, 34, 46, 15, 16, 17, 21, 57, 53, 31]
---->10510,[2, 70, 34, 46, 15, 16, 17, 53, 57, 21, 31]
10432,1,[2, 70, 34, 46, 15, 16, 17, 21, 55, 57, 53, 31]
---->10449,[2, 70, 34, 46, 15, 16, 17, 21, 57, 53, 31]
10510,1,[2, 70, 34, 46, 15, 16, 17, 53, 57, 21, 31]
---->10549,[34, 70, 46, 15, 17, 21, 57, 53]
9087,1,[27, 13, 29]
---->10602,[27, 13, 29]
9039,1,[50, 27, 13, 29]
---->9087,[27, 13, 29]
10413,1,[64, 65, 69]
---->11918,[64, 65, 69]
9766,2,[0, 1, 3, 32, 69, 33, 64, 35, 53, 56, 30][65, 63, 55]
---->10413,[64, 65, 69]
9310,1,[65, 63, 55]
---->9766,[65, 63, 55]
10870,1,[43, 11, 14, 6, 61]
---->11920,[43, 11, 14, 6, 61]
10605,1,[11, 6, 43, 14, 50, 61]
---->10870,[43, 11, 14, 6, 61]
10576,2,[43, 11, 14, 6, 61][50]
---->10605,[11, 6, 43, 14, 50, 61]
10557,1,[11, 6, 43, 14, 50, 61]
---->10576,[43, 11, 14, 6, 61]
10553,2,[43, 11, 14, 6, 61][50]
---->10557,[11, 6, 43, 14, 50, 61]
10516,1,[43, 11, 14, 6, 61]
---->10553,[43, 11, 14, 6, 61]
10500,1,[11, 6, 43, 14, 50, 61]
---->10516,[43, 11, 14, 6, 61]
10550,1,[32, 56, 50, 3, 30]
---->10553,[50]
10557,1,[11, 6, 43, 14, 50, 61]
---->10576,[50]
11984,1,[64, 2, 70, 34, 46, 15, 16, 17, 53, 57, 21, 31]
---->12001,[16]
12105,1,[27, 29, 70]
---->12152,[70]
12007,2,[64, 2, 70, 34, 46, 15, 16, 17, 53, 57, 21, 31][27, 29]
---->12105,[27, 29, 70]
11984,1,[27, 29]
---->12007,[27, 29]
11983,1,[64, 2, 70, 34, 46, 15, 16, 17, 53, 57, 27, 21, 29, 31]
---->11984,[27, 29]
12163,1,[64, 2, 70, 34, 46, 15, 16, 17, 53, 57, 21, 31]
---->12199,[34, 70, 46, 15, 17, 21, 57, 53]
12271,1,[64, 2, 70, 34, 46, 15, 16, 17, 53, 57, 21, 31]
---->12316,[16]
12321,2,[64, 2, 70, 34, 46, 15, 16, 17, 53, 57, 21, 31][39, 40, 41, 13, 51, 58]
---->12343,[39, 40, 41, 13, 16, 51, 58]
11943,1,[39, 40, 41, 13, 51, 58]
---->12321,[39, 40, 41, 13, 51, 58]
11906,1,[4, 39, 40, 41, 13, 51, 58]
---->11943,[39, 40, 41, 13, 51, 58]
11899,2,[4, 39, 40, 41, 51, 58][13]
---->11906,[4, 39, 40, 41, 13, 51, 58]
10522,1,[4, 39, 40, 41, 51, 58]
---->11899,[4, 39, 40, 41, 51, 58]
10486,2,[51, 4, 71][40, 41, 58, 39]
---->10522,[4, 39, 40, 41, 51, 58]
10480,2,[51, 4][8, 12, 71]
---->10486,[51, 4, 71]
10471,1,[4, 39, 40, 41, 51, 58]
---->10480,[51, 4]
10443,1,[4, 39, 40, 41, 51, 24, 26, 58]
---->10471,[4, 39, 40, 41, 51, 58]
9766,2,[50, 51, 4][39, 40, 41, 24, 26, 58]
---->10443,[4, 39, 40, 41, 51, 24, 26, 58]
8371,1,[39, 40, 41, 24, 26, 58]
---->9766,[39, 40, 41, 24, 26, 58]
7852,1,[11, 36, 38, 6, 39, 40, 41, 43, 14, 24, 26, 58]
---->8371,[39, 40, 41, 24, 26, 58]
8921,1,[8, 12, 71]
---->10480,[8, 12, 71]
8887,1,[8, 64, 12, 71]
---->8921,[8, 12, 71]
10480,1,[40, 41, 58, 39]
---->10486,[40, 41, 58, 39]
10471,1,[4, 39, 40, 41, 51, 58]
---->10480,[40, 41, 58, 39]
11898,1,[2, 70, 15, 34, 46, 13, 16, 17, 53, 57, 27, 21, 29, 31]
---->11899,[13]
12386,2,[64, 2, 70, 34, 46, 15, 16, 17, 53, 57, 21, 31][39, 40, 41, 13, 51, 58]
---->12405,[39, 40, 41, 13, 16, 51, 58]
12343,1,[39, 40, 41, 13, 16, 51, 58]
---->12386,[39, 40, 41, 13, 51, 58]
12427,2,[16, 64, 2, 31][39, 40, 41, 13, 51, 58]
---->12429,[39, 40, 41, 13, 16, 51, 58]
12409,1,[39, 40, 41, 13, 51, 58]
---->12427,[39, 40, 41, 13, 51, 58]
12405,1,[39, 40, 41, 13, 16, 51, 58]
---->12409,[39, 40, 41, 13, 51, 58]
12427,1,[34, 70, 46, 15, 17, 21, 57, 53]
---->12430,[34, 70, 46, 15, 17, 21, 57, 53]
12409,1,[64, 2, 70, 34, 46, 15, 16, 17, 53, 57, 21, 31]
---->12427,[34, 70, 46, 15, 17, 21, 57, 53]
12433,1,[64, 2, 70, 34, 46, 15, 16, 17, 53, 57, 21, 31]
---->12509,[34, 70, 46, 15, 17, 21, 57, 53]
12654,1,[16, 28, 60]
---->12658,[16]
12651,2,[16, 60, 62][28]
---->12654,[16, 28, 60]
12640,2,[16][60, 28, 62]
---->12651,[16, 60, 62]
12554,1,[64, 2, 70, 34, 46, 15, 16, 17, 53, 57, 21, 31]
---->12640,[16]
10992,1,[60, 28, 62]
---->12640,[60, 28, 62]
10987,2,[60, 59, 28][62]
---->10992,[60, 28, 62]
10934,1,[60, 28, 62]
---->10987,[62]
10992,1,[60, 28, 62]
---->12651,[28]
12684,1,[64, 2, 70, 34, 46, 15, 16, 17, 53, 57, 21, 31]
---->12700,[16]
12706,2,[64, 2, 70, 34, 46, 15, 16, 17, 53, 57, 21, 31][39, 40, 41, 13, 51, 58]
---->12809,[39, 40, 41, 13, 16, 51, 58]
12430,1,[39, 40, 41, 13, 51, 58]
---->12706,[39, 40, 41, 13, 51, 58]
12429,1,[39, 40, 41, 13, 16, 51, 58]
---->12430,[39, 40, 41, 13, 51, 58]
12064,1,[32, 56, 3, 30]
---->12830,[32, 56, 3, 30]
11983,1,[32, 59, 3, 30, 56]
---->12064,[32, 56, 3, 30]
11966,1,[32, 64, 2, 3, 70, 34, 46, 15, 16, 17, 53, 21, 27, 56, 57, 59, 29, 30, 31]
---->11983,[32, 59, 3, 30, 56]
13643,1,[32, 34, 3, 70, 2, 46, 15, 16, 17, 21, 56, 57, 53, 30, 31]
---->13680,[16, 3]
13643,1,[32, 34, 3, 70, 2, 46, 15, 16, 17, 21, 56, 57, 53, 30, 31]
---->13680,[32, 56, 30]
13684,1,[32, 34, 3, 70, 2, 46, 15, 16, 17, 21, 56, 57, 53, 30, 31]
---->13903,[70]
13911,1,[32, 34, 3, 70, 2, 46, 15, 16, 17, 21, 56, 57, 53, 30, 31]
---->13932,[70]
13933,1,[32, 34, 3, 70, 2, 46, 15, 16, 17, 21, 56, 57, 53, 30, 31]
---->14256,[32, 3, 16, 56, 57, 30]
13438,1,[47, 45, 5]
---->14915,[5, 45]
9033,2,[48, 49, 5][47, 45, 7]
---->13438,[47, 45, 5]
9024,1,[48, 49, 5]
---->9033,[48, 49, 5]
9018,2,[5][48, 49, 50]
---->9024,[48, 49, 5]
9010,1,[48, 50, 5]
---->9018,[5]
9012,2,[55, 45, 7][47]
---->9033,[47, 45, 7]
9010,1,[55, 45, 47]
---->9012,[47]
14950,1,[32, 2, 3, 5, 70, 34, 46, 45, 16, 17, 21, 57, 15, 53, 30, 31]
---->14954,[32, 3, 5, 45, 16, 57, 30]
15004,1,[32, 2, 5, 70, 34, 46, 15, 17, 21, 53, 31]
---->15017,[5]
15002,2,[32, 2, 70, 34, 46, 15, 17, 21, 53, 31][3, 5, 45, 16, 57, 30]
---->15004,[32, 2, 5, 70, 34, 46, 15, 17, 21, 53, 31]
14986,1,[32, 2, 70, 34, 46, 15, 17, 21, 53, 31]
---->15002,[32, 2, 70, 34, 46, 15, 17, 21, 53, 31]
14973,1,[32, 2, 70, 34, 46, 15, 17, 21, 53, 31]
---->14986,[32, 2, 70, 34, 46, 15, 17, 21, 53, 31]
14957,1,[32, 2, 3, 5, 70, 17, 45, 46, 15, 16, 34, 21, 57, 53, 30, 31]
---->14973,[32, 2, 70, 34, 46, 15, 17, 21, 53, 31]
14973,1,[3, 5, 45, 16, 57, 30]
---->15002,[3, 5, 45, 16, 57, 30]
15027,1,[3, 5, 45, 16, 57, 30]
---->15042,[5]
15049,1,[3, 5, 45, 16, 57, 30]
---->15065,[5]
15071,1,[3, 5, 45, 16, 57, 30]
---->15089,[5]
15091,1,[3, 5, 45, 16, 57, 30]
---->15108,[5]
15114,1,[3, 5, 45, 16, 57, 30]
---->15130,[5]
15134,1,[3, 5, 45, 16, 57, 30]
---->15152,[5]
15155,1,[3, 5, 45, 16, 57, 30]
---->15173,[5]
15177,1,[3, 5, 45, 16, 57, 30]
---->15194,[5]
15199,1,[3, 5, 45, 16, 57, 30]
---->15215,[5]
15222,1,[3, 5, 45, 16, 57, 30]
---->15237,[5]
15245,1,[3, 5, 45, 16, 57, 30]
---->15260,[5]
15268,1,[3, 5, 45, 16, 57, 30]
---->15282,[5]
15290,1,[3, 5, 45, 16, 57, 30]
---->15304,[5]
15314,1,[3, 5, 45, 16, 57, 30]
---->15328,[5]
15337,1,[3, 5, 45, 16, 57, 30]
---->15352,[5]
15357,1,[3, 5, 45, 16, 57, 30]
---->15372,[5]
15380,1,[3, 5, 45, 16, 57, 30]
---->15397,[5]
15399,1,[3, 5, 45, 16, 57, 30]
---->15437,[5]
15439,1,[3, 5, 45, 16, 57, 30]
---->15458,[5]
15462,1,[3, 5, 45, 16, 57, 30]
---->15480,[5]
15483,1,[3, 5, 45, 16, 57, 30]
---->15501,[5]
15508,1,[3, 5, 45, 16, 57, 30]
---->15523,[5]
14957,1,[9, 43, 63, 7]
---->15536,[9, 43, 63, 7]
14915,1,[9, 10, 43, 63, 7]
---->14957,[9, 43, 63, 7]
13457,1,[68, 7, 9, 10, 43, 54, 63]
---->14915,[9, 10, 43, 63, 7]
13438,2,[7][68, 9, 10, 43, 54, 63]
---->13457,[68, 7, 9, 10, 43, 54, 63]
9033,1,[47, 45, 7]
---->13438,[7]
13422,1,[68, 9, 10, 43, 54, 63]
---->13438,[68, 9, 10, 43, 54, 63]
11952,2,[9, 10, 43, 54, 63][66, 67, 68]
---->13422,[68, 9, 10, 43, 54, 63]
11934,2,[0, 1, 2, 3, 6, 11, 14, 15, 16, 17, 21, 27, 29, 30, 31, 32, 33, 34, 35, 43, 46, 53, 56, 57, 59, 61, 64, 70][9, 10, 54, 63]
---->11952,[9, 10, 43, 54, 63]
11917,1,[9, 10, 54, 63]
---->11934,[9, 10, 54, 63]
11002,1,[9, 10, 59, 54, 63]
---->11917,[9, 10, 54, 63]
9338,1,[66, 67, 68]
---->11952,[66, 67, 68]
9335,2,[66, 67, 4][68]
---->9338,[66, 67, 68]
9333,1,[66, 67, 68]
---->9335,[68]
