
molecule: ch2nh
file: /home/vanka/tamal/prebiotic_synthesis/sugar_synthesis_HCNH2O_0.75timestep_after1000000.md/scr/coors.mol 
frame range: 0 - 100000
inc=1

0 0
30642 1 [0, 1, 2, 44, 70]
30903 0
31907 1 [0, 1, 2, 44, 70]
31931 0
33671 1 [0, 44, 2, 19, 28]
34499 0
35999 1 [40, 59, 50, 11, 15]
36907 0
36924 1 [40, 59, 50, 11, 15]
36940 0
39352 1 [40, 59, 50, 11, 15]
46499 0
46555 1 [40, 59, 50, 11, 15]
48304 0
48309 1 [40, 59, 50, 11, 15]
48329 0
48335 1 [40, 59, 50, 11, 15]
48354 0
48366 1 [40, 59, 50, 11, 15]
48384 0
48392 1 [40, 59, 50, 11, 15]
48411 0
48418 1 [40, 59, 50, 11, 15]
49245 0
49248 1 [40, 59, 50, 11, 15]
52499 0
55072 1 [40, 43, 50, 11, 15]
55092 0
55106 1 [40, 43, 50, 11, 15]
55125 0
55235 1 [40, 43, 50, 11, 15]
55499 0
55544 1 [16, 40, 11, 43, 15]
55856 0
55874 1 [16, 40, 11, 43, 15]
56999 0
57009 1 [40, 43, 50, 11, 15]
57012 0
57026 1 [40, 43, 50, 11, 15]
57042 0
57241 1 [16, 40, 11, 43, 15]
58499 0
58581 1 [16, 40, 11, 43, 15]
58615 0
58636 1 [16, 40, 11, 43, 15]
62231 0
62281 1 [16, 40, 11, 43, 15]
62301 0
62324 1 [16, 40, 11, 43, 15]
62333 0
62379 1 [16, 40, 11, 43, 15]
62383 0
62521 1 [40, 43, 71, 11, 15]
62594 0
62647 1 [40, 43, 71, 11, 15]
62999 0
63063 1 [40, 43, 71, 11, 15]
66008 0
66017 1 [40, 43, 71, 11, 15]
66036 0
66045 1 [40, 43, 71, 11, 15]
66914 0
66921 1 [40, 43, 71, 11, 15]
66961 0
66963 1 [40, 43, 71, 11, 15]
66984 0
66985 1 [40, 43, 71, 11, 15]
67499 0
72110 1 [25, 50, 68, 29, 30]
74999 0
75127 1 [25, 50, 68, 29, 30]
75154 0
75173 1 [25, 50, 68, 29, 30]
76499 0
76504 1 [25, 50, 68, 29, 30]
76519 0
76552 1 [25, 50, 68, 29, 30]
76794 0
76803 1 [25, 50, 68, 29, 30]
79499 0
85499 1 [10, 62, 36, 50, 38]
85571 0
85576 1 [10, 62, 36, 50, 38]
86999 0
87045 1 [10, 62, 36, 50, 38]
88499 0

30642 1 [0, 1, 2, 44, 70]
33671 1 [0, 44, 2, 19, 28]
35999 1 [40, 59, 50, 11, 15]
55072 1 [40, 43, 50, 11, 15]
55544 1 [16, 40, 11, 43, 15]
62521 1 [40, 43, 71, 11, 15]
72110 1 [25, 50, 68, 29, 30]
85499 1 [10, 62, 36, 50, 38]

