
molecule: h2o
file: /home/vanka/tamal/prebiotic_synthesis/sugar_synthesis_HCNH2O_0.75timestep_after1000000.md/scr/coors.mol 
frame range: 0 - 100000
inc=1

0 3 [1, 54, 49] [60, 4, 61] [16, 66, 55]
2999 1 [1, 54, 49]
7805 1 [49, 19, 54]
7814 1 [1, 54, 49]
7831 0
7838 1 [49, 19, 54]
7849 0
7855 1 [1, 54, 49]
7867 1 [49, 19, 54]
7876 1 [1, 54, 49]
7908 1 [49, 19, 54]
7917 1 [1, 54, 49]
7927 1 [49, 19, 54]
10499 2 [1, 34, 63] [49, 19, 54]
14999 2 [49, 19, 54] [34, 61, 63]
15020 2 [1, 61, 63] [49, 19, 54]
15064 2 [49, 19, 54] [34, 61, 63]
15065 2 [1, 34, 63] [49, 19, 54]
15072 2 [1, 61, 63] [49, 19, 54]
19499 2 [49, 19, 54] [56, 61, 63]
20101 2 [1, 61, 63] [49, 19, 54]
20108 2 [56, 1, 63] [49, 19, 54]
20114 2 [49, 19, 54] [56, 61, 63]
20275 2 [40, 19, 54] [56, 61, 63]
20281 2 [40, 49, 54] [56, 61, 63]
20285 2 [49, 19, 54] [56, 61, 63]
20312 2 [40, 49, 54] [56, 61, 63]
20313 2 [40, 19, 54] [56, 61, 63]
20332 2 [40, 49, 54] [56, 61, 63]
20338 2 [40, 19, 54] [56, 61, 63]
20341 2 [49, 19, 54] [56, 61, 63]
20349 2 [40, 49, 54] [56, 61, 63]
20359 2 [49, 19, 54] [56, 61, 63]
20367 2 [40, 19, 54] [56, 61, 63]
20368 2 [40, 49, 54] [56, 61, 63]
20371 2 [40, 19, 54] [56, 61, 63]
20463 2 [40, 49, 54] [56, 61, 63]
20468 2 [49, 19, 54] [56, 61, 63]
20469 2 [40, 49, 54] [56, 61, 63]
20474 2 [40, 19, 54] [56, 61, 63]
20500 2 [49, 19, 54] [56, 61, 63]
20504 2 [40, 19, 54] [56, 61, 63]
20999 2 [40, 28, 54] [56, 61, 63]
24134 3 [40, 28, 54] [56, 61, 63] [64, 57, 68]
26999 3 [43, 19, 54] [56, 61, 63] [64, 57, 68]
27038 3 [19, 28, 54] [56, 61, 63] [64, 57, 68]
27039 3 [43, 19, 54] [56, 61, 63] [64, 57, 68]
27051 3 [43, 28, 54] [56, 61, 63] [64, 57, 68]
27054 3 [19, 28, 54] [56, 61, 63] [64, 57, 68]
27057 3 [43, 19, 54] [56, 61, 63] [64, 57, 68]
29999 3 [43, 54, 7] [56, 61, 63] [64, 57, 68]
31499 2 [49, 68, 57] [56, 61, 63]
34015 3 [4, 69, 70] [49, 68, 57] [56, 61, 63]
34022 2 [49, 68, 57] [56, 61, 63]
34499 1 [49, 68, 57]
35346 2 [4, 54, 7] [49, 68, 57]
35404 1 [49, 68, 57]
35543 2 [4, 54, 7] [49, 68, 57]
35570 1 [49, 68, 57]
35608 2 [4, 54, 7] [49, 68, 57]
35611 1 [49, 68, 57]
38999 0
49627 1 [51, 4, 5]
49646 0
49652 1 [51, 4, 5]
50999 2 [56, 1, 57] [51, 4, 7]
51014 1 [1, 7, 57]
51020 2 [56, 1, 57] [51, 4, 7]
52499 2 [51, 4, 7] [56, 57, 53]
53999 2 [51, 4, 46] [56, 57, 53]
54671 1 [56, 57, 53]
54788 2 [48, 59, 7] [56, 57, 53]
54790 1 [56, 57, 53]
55499 1 [56, 57, 52]
56725 0
57029 1 [16, 51, 4]
57042 0
58499 1 [48, 59, 4]
58581 2 [1, 3, 71] [48, 59, 4]
58615 1 [48, 59, 4]
58630 2 [56, 3, 71] [48, 59, 4]
58655 2 [1, 3, 71] [48, 59, 4]
61918 2 [1, 3, 7] [48, 59, 4]
61926 2 [71, 3, 7] [48, 59, 4]
61928 2 [1, 3, 71] [48, 59, 4]
61938 2 [1, 3, 7] [48, 59, 4]
61946 2 [71, 3, 7] [48, 59, 4]
61948 2 [1, 3, 71] [48, 59, 4]
62230 2 [1, 3, 7] [48, 59, 4]
62377 1 [48, 59, 4]
62379 2 [1, 3, 71] [48, 59, 4]
62383 2 [1, 3, 7] [48, 59, 4]
64499 1 [48, 59, 4]
71999 1 [48, 65, 59]
73499 0
73512 1 [48, 65, 59]
73525 0
73531 1 [48, 65, 59]
75024 2 [40, 67, 54] [48, 65, 59]
75027 1 [48, 65, 59]
75219 2 [57, 67, 4] [48, 65, 59]
75236 1 [48, 65, 59]
75241 2 [57, 67, 4] [48, 65, 59]
75257 1 [48, 65, 59]
75277 2 [57, 58, 4] [48, 65, 59]
75280 2 [57, 67, 4] [48, 65, 59]
75292 1 [48, 65, 59]
75294 2 [67, 45, 71] [48, 65, 59]
75303 3 [57, 58, 4] [67, 45, 71] [48, 65, 59]
75311 2 [57, 58, 4] [48, 65, 59]
75314 2 [57, 67, 4] [48, 65, 59]
75423 3 [57, 67, 4] [40, 56, 54] [48, 65, 59]
75425 2 [57, 67, 4] [48, 65, 59]
75593 1 [57, 67, 4]
75611 2 [57, 67, 4] [48, 65, 59]
75631 1 [57, 67, 4]
76499 0
77999 1 [48, 44, 37]
80999 0
85499 1 [55, 53, 69]
86999 1 [59, 53, 69]
89999 0
90019 1 [57, 44, 70]
90102 1 [57, 59, 70]
90110 1 [57, 59, 44]
90112 1 [57, 44, 70]
90120 1 [57, 59, 70]
90128 1 [57, 59, 44]
90131 1 [57, 44, 70]
90138 1 [57, 59, 70]
90148 1 [57, 44, 70]
90158 1 [57, 59, 44]
90166 1 [57, 59, 70]
90167 1 [57, 44, 70]
90177 1 [57, 59, 44]
90186 1 [57, 44, 70]
90196 1 [57, 59, 44]
90204 1 [57, 59, 70]
90205 1 [57, 44, 70]
90215 1 [57, 59, 44]
90223 1 [57, 59, 70]
90224 1 [57, 44, 70]
90233 1 [57, 59, 44]
90242 1 [57, 44, 70]
90252 1 [57, 59, 44]
90261 1 [57, 44, 70]
90270 1 [57, 59, 70]
90271 1 [57, 59, 44]
90278 1 [57, 44, 70]
90288 1 [57, 59, 44]
90296 1 [57, 44, 70]
90307 1 [57, 59, 44]
90315 1 [57, 44, 70]
90325 1 [57, 59, 44]
90334 1 [57, 44, 70]
90344 1 [57, 59, 44]
90354 1 [57, 44, 70]
90362 1 [57, 59, 70]
90365 1 [57, 59, 44]
90375 1 [57, 44, 70]
90379 1 [57, 59, 44]
90388 2 [3, 13, 70] [57, 59, 44]
90486 1 [57, 59, 44]
90500 2 [3, 13, 70] [57, 59, 44]
92999 2 [3, 13, 70] [48, 10, 44]
94936 3 [3, 13, 70] [48, 10, 44] [25, 60, 47]
94952 2 [3, 13, 70] [48, 10, 44]
95342 3 [3, 13, 70] [48, 10, 44] [25, 60, 47]
95356 2 [3, 13, 70] [48, 10, 44]
97499 1 [48, 10, 44]
97506 0
97507 1 [3, 13, 70]
97509 2 [3, 13, 70] [48, 10, 44]
97539 1 [3, 13, 70]
97540 2 [3, 13, 70] [48, 10, 44]
98999 2 [3, 13, 70] [48, 10, 50]
99601 2 [3, 13, 53] [48, 10, 50]
99607 2 [3, 13, 70] [48, 10, 50]

0 3 [1, 54, 49] [60, 4, 61] [16, 66, 55]
2999 1 [1, 54, 49]
7805 1 [49, 19, 54]
10499 2 [1, 34, 63] [49, 19, 54]
14999 2 [49, 19, 54] [34, 61, 63]
15020 2 [1, 61, 63] [49, 19, 54]
19499 2 [49, 19, 54] [56, 61, 63]
20108 2 [56, 1, 63] [49, 19, 54]
20275 2 [40, 19, 54] [56, 61, 63]
20281 2 [40, 49, 54] [56, 61, 63]
20999 2 [40, 28, 54] [56, 61, 63]
24134 3 [40, 28, 54] [56, 61, 63] [64, 57, 68]
26999 3 [43, 19, 54] [56, 61, 63] [64, 57, 68]
27038 3 [19, 28, 54] [56, 61, 63] [64, 57, 68]
27051 3 [43, 28, 54] [56, 61, 63] [64, 57, 68]
29999 3 [43, 54, 7] [56, 61, 63] [64, 57, 68]
31499 2 [49, 68, 57] [56, 61, 63]
34015 3 [4, 69, 70] [49, 68, 57] [56, 61, 63]
34499 1 [49, 68, 57]
35346 2 [4, 54, 7] [49, 68, 57]
49627 1 [51, 4, 5]
50999 2 [56, 1, 57] [51, 4, 7]
51014 1 [1, 7, 57]
52499 2 [51, 4, 7] [56, 57, 53]
53999 2 [51, 4, 46] [56, 57, 53]
54671 1 [56, 57, 53]
54788 2 [48, 59, 7] [56, 57, 53]
55499 1 [56, 57, 52]
57029 1 [16, 51, 4]
58499 1 [48, 59, 4]
58581 2 [1, 3, 71] [48, 59, 4]
58630 2 [56, 3, 71] [48, 59, 4]
61918 2 [1, 3, 7] [48, 59, 4]
61926 2 [71, 3, 7] [48, 59, 4]
71999 1 [48, 65, 59]
75024 2 [40, 67, 54] [48, 65, 59]
75219 2 [57, 67, 4] [48, 65, 59]
75277 2 [57, 58, 4] [48, 65, 59]
75294 2 [67, 45, 71] [48, 65, 59]
75303 3 [57, 58, 4] [67, 45, 71] [48, 65, 59]
75423 3 [57, 67, 4] [40, 56, 54] [48, 65, 59]
75593 1 [57, 67, 4]
77999 1 [48, 44, 37]
85499 1 [55, 53, 69]
86999 1 [59, 53, 69]
90019 1 [57, 44, 70]
90102 1 [57, 59, 70]
90110 1 [57, 59, 44]
90388 2 [3, 13, 70] [57, 59, 44]
92999 2 [3, 13, 70] [48, 10, 44]
94936 3 [3, 13, 70] [48, 10, 44] [25, 60, 47]
97499 1 [48, 10, 44]
97507 1 [3, 13, 70]
98999 2 [3, 13, 70] [48, 10, 50]
99601 2 [3, 13, 53] [48, 10, 50]

0 [1, 54, 49]
0 [60, 4, 61]
0 [16, 66, 55]
7805 [49, 19, 54]
10499 [1, 34, 63]
14999 [34, 61, 63]
15020 [1, 61, 63]
19499 [56, 61, 63]
20108 [56, 1, 63]
20275 [40, 19, 54]
20281 [40, 49, 54]
20999 [40, 28, 54]
24134 [64, 57, 68]
26999 [43, 19, 54]
27038 [19, 28, 54]
27051 [43, 28, 54]
29999 [43, 54, 7]
31499 [49, 68, 57]
34015 [4, 69, 70]
35346 [4, 54, 7]
49627 [51, 4, 5]
50999 [56, 1, 57]
50999 [51, 4, 7]
51014 [1, 7, 57]
52499 [56, 57, 53]
53999 [51, 4, 46]
54788 [48, 59, 7]
55499 [56, 57, 52]
57029 [16, 51, 4]
58499 [48, 59, 4]
58581 [1, 3, 71]
58630 [56, 3, 71]
61918 [1, 3, 7]
61926 [71, 3, 7]
71999 [48, 65, 59]
75024 [40, 67, 54]
75219 [57, 67, 4]
75277 [57, 58, 4]
75294 [67, 45, 71]
75423 [40, 56, 54]
77999 [48, 44, 37]
85499 [55, 53, 69]
86999 [59, 53, 69]
90019 [57, 44, 70]
90102 [57, 59, 70]
90110 [57, 59, 44]
90388 [3, 13, 70]
92999 [48, 10, 44]
94936 [25, 60, 47]
98999 [48, 10, 50]
99601 [3, 13, 53]

