(26/5/18)

molecule: hcn
file: /home/vanka/tamal/prebiotic_synthesis/sugar_synthesis_HCNH2O_0.75timestep_after1000000.md/scr/coors.mol 
frame range: 0 - 100000
inc=1

0 1 [33, 34, 41]
2999 0
27086 1 [33, 28, 41]
32216 0
42084 1 [33, 4, 38]
42100 0
43499 1 [33, 70, 38]
49499 0
49532 1 [33, 70, 38]
49564 2 [9, 35, 46] [33, 70, 38]
49576 1 [33, 70, 38]
52499 0
64758 1 [67, 21, 29]
64846 0
64935 1 [67, 21, 29]
64981 0
65162 1 [67, 21, 29]
65239 0
67552 1 [40, 11, 15]
67723 2 [40, 11, 15] [50, 21, 29]
68047 1 [50, 21, 29]
68999 0
69028 1 [50, 21, 29]
70499 0
70558 1 [50, 21, 29]
71206 0
76499 1 [47, 11, 15]
77999 0
81162 1 [11, 21, 47]
81168 0
85792 1 [32, 33, 13]
85814 0
85833 1 [32, 33, 13]
85837 0
85963 1 [32, 33, 13]
85979 0
86184 1 [32, 33, 13]
86999 0
89999 1 [17, 70, 39]
90005 0
96358 1 [32, 1, 33]
99015 0
99730 1 [32, 33, 43]
99753 0


0 1 [33, 34, 41]
27086 1 [33, 28, 41]
42084 1 [33, 4, 38]
43499 1 [33, 70, 38]
49564 2 [9, 35, 46] [33, 70, 38]
64758 1 [67, 21, 29]
67552 1 [40, 11, 15]
67723 2 [40, 11, 15] [50, 21, 29]
68047 1 [50, 21, 29]
76499 1 [47, 11, 15]
81162 1 [11, 21, 47]
85792 1 [32, 33, 13]
89999 1 [17, 70, 39]
96358 1 [32, 1, 33]
99730 1 [32, 33, 43]

