
(4/7/18)

0 0
80013 1 [56, 96, 107, 13]
80018 2 [56, 96, 107, 13] [105, 42, 28, 41]
80030 1 [56, 96, 107, 13]
80035 2 [56, 96, 107, 13] [105, 42, 28, 41]
80057 1 [56, 96, 107, 13]
80061 2 [56, 96, 107, 13] [105, 42, 28, 41]
80146 1 [56, 96, 107, 13]
80152 2 [56, 96, 107, 13] [105, 42, 28, 41]
80344 1 [56, 96, 107, 13]
80357 2 [56, 96, 107, 13] [105, 42, 28, 41]
80375 1 [56, 96, 107, 13]
80383 2 [56, 96, 107, 13] [105, 42, 28, 41]
80402 1 [56, 96, 107, 13]
80411 2 [56, 96, 107, 13] [105, 42, 28, 41]
84159 1 [105, 42, 28, 41]
84163 2 [56, 96, 107, 13] [105, 42, 28, 41]
88000 1 [105, 42, 28, 41]
92000 0
92130 1 [96, 107, 13, 47]
92266 0
92284 1 [96, 107, 13, 47]
92301 0
92319 1 [96, 107, 13, 47]
96000 2 [96, 107, 13, 47] [113, 34, 114, 77]
100115 1 [96, 107, 13, 47]
100127 2 [96, 107, 13, 47] [113, 34, 114, 77]
102165 1 [113, 34, 114, 77]
102171 2 [96, 107, 13, 47] [113, 34, 114, 77]
105047 1 [96, 107, 13, 47]
105049 2 [96, 107, 13, 47] [113, 34, 114, 77]
105071 1 [96, 107, 13, 47]
105075 2 [96, 107, 13, 47] [113, 34, 114, 77]
112533 3 [112, 105, 42, 6] [96, 107, 13, 47] [113, 34, 114, 77]
116000 2 [112, 105, 42, 6] [96, 107, 13, 47]
124045 1 [96, 107, 13, 47]
124050 2 [112, 105, 42, 6] [96, 107, 13, 47]
124073 1 [96, 107, 13, 47]
124075 2 [112, 105, 42, 6] [96, 107, 13, 47]
124096 1 [96, 107, 13, 47]
124103 2 [112, 105, 42, 6] [96, 107, 13, 47]
124147 1 [96, 107, 13, 47]
124154 2 [112, 105, 42, 6] [96, 107, 13, 47]
124173 1 [96, 107, 13, 47]
124183 2 [112, 105, 42, 6] [96, 107, 13, 47]
124201 1 [96, 107, 13, 47]
124207 2 [112, 105, 42, 6] [96, 107, 13, 47]
124226 1 [96, 107, 13, 47]
124233 2 [112, 105, 42, 6] [96, 107, 13, 47]
124459 1 [112, 105, 42, 6]
124473 2 [112, 105, 42, 6] [96, 107, 13, 47]
128000 1 [112, 105, 42, 6]
132000 1 [32, 96, 107, 47]
140000 0
Connection reset by 172.16.10.33

