15550,1,[9, 43, 5, 63, 7]
---->15843,[9, 63, 5, 7]
15536,2,[3, 5, 45, 16, 57, 30][9, 43, 63, 7]
---->15550,[9, 43, 5, 63, 7]
15523,2,[16, 57, 3, 45, 30][5]
---->15536,[3, 5, 45, 16, 57, 30]
15508,1,[3, 5, 45, 16, 57, 30]
---->15523,[16, 57, 3, 45, 30]
15501,2,[16, 57, 3, 45, 30][5]
---->15508,[3, 5, 45, 16, 57, 30]
15483,1,[3, 5, 45, 16, 57, 30]
---->15501,[16, 57, 3, 45, 30]
15480,2,[16, 57, 3, 45, 30][5]
---->15483,[3, 5, 45, 16, 57, 30]
15462,1,[3, 5, 45, 16, 57, 30]
---->15480,[16, 57, 3, 45, 30]
15458,2,[16, 57, 3, 45, 30][5]
---->15462,[3, 5, 45, 16, 57, 30]
15439,1,[3, 5, 45, 16, 57, 30]
---->15458,[16, 57, 3, 45, 30]
15437,2,[16, 57, 3, 45, 30][5]
---->15439,[3, 5, 45, 16, 57, 30]
15399,1,[3, 5, 45, 16, 57, 30]
---->15437,[16, 57, 3, 45, 30]
15397,2,[16, 57, 3, 45, 30][5]
---->15399,[3, 5, 45, 16, 57, 30]
15380,1,[3, 5, 45, 16, 57, 30]
---->15397,[16, 57, 3, 45, 30]
15372,2,[16, 57, 3, 45, 30][5]
---->15380,[3, 5, 45, 16, 57, 30]
15357,1,[3, 5, 45, 16, 57, 30]
---->15372,[16, 57, 3, 45, 30]
15352,2,[16, 57, 3, 45, 30][5]
---->15357,[3, 5, 45, 16, 57, 30]
15337,1,[3, 5, 45, 16, 57, 30]
---->15352,[16, 57, 3, 45, 30]
15328,2,[16, 57, 3, 45, 30][5]
---->15337,[3, 5, 45, 16, 57, 30]
15314,1,[3, 5, 45, 16, 57, 30]
---->15328,[16, 57, 3, 45, 30]
15304,2,[16, 57, 3, 45, 30][5]
---->15314,[3, 5, 45, 16, 57, 30]
15290,1,[3, 5, 45, 16, 57, 30]
---->15304,[16, 57, 3, 45, 30]
15282,2,[16, 57, 3, 45, 30][5]
---->15290,[3, 5, 45, 16, 57, 30]
15268,1,[3, 5, 45, 16, 57, 30]
---->15282,[16, 57, 3, 45, 30]
15260,2,[16, 57, 3, 45, 30][5]
---->15268,[3, 5, 45, 16, 57, 30]
15245,1,[3, 5, 45, 16, 57, 30]
---->15260,[16, 57, 3, 45, 30]
15237,2,[16, 57, 3, 45, 30][5]
---->15245,[3, 5, 45, 16, 57, 30]
15222,1,[3, 5, 45, 16, 57, 30]
---->15237,[16, 57, 3, 45, 30]
15215,2,[16, 57, 3, 45, 30][5]
---->15222,[3, 5, 45, 16, 57, 30]
15199,1,[3, 5, 45, 16, 57, 30]
---->15215,[16, 57, 3, 45, 30]
15194,2,[16, 57, 3, 45, 30][5]
---->15199,[3, 5, 45, 16, 57, 30]
15177,1,[3, 5, 45, 16, 57, 30]
---->15194,[16, 57, 3, 45, 30]
15173,2,[16, 57, 3, 45, 30][5]
---->15177,[3, 5, 45, 16, 57, 30]
15155,1,[3, 5, 45, 16, 57, 30]
---->15173,[16, 57, 3, 45, 30]
15152,2,[16, 57, 3, 45, 30][5]
---->15155,[3, 5, 45, 16, 57, 30]
15134,1,[3, 5, 45, 16, 57, 30]
---->15152,[16, 57, 3, 45, 30]
15130,2,[16, 57, 3, 45, 30][5]
---->15134,[3, 5, 45, 16, 57, 30]
15114,1,[3, 5, 45, 16, 57, 30]
---->15130,[16, 57, 3, 45, 30]
15108,2,[16, 57, 3, 45, 30][5]
---->15114,[3, 5, 45, 16, 57, 30]
15091,1,[3, 5, 45, 16, 57, 30]
---->15108,[16, 57, 3, 45, 30]
15089,2,[16, 57, 3, 45, 30][5]
---->15091,[3, 5, 45, 16, 57, 30]
15071,1,[3, 5, 45, 16, 57, 30]
---->15089,[16, 57, 3, 45, 30]
15065,2,[16, 57, 3, 45, 30][5]
---->15071,[3, 5, 45, 16, 57, 30]
15049,1,[3, 5, 45, 16, 57, 30]
---->15065,[16, 57, 3, 45, 30]
15042,2,[16, 57, 3, 45, 30][5]
---->15049,[3, 5, 45, 16, 57, 30]
15027,1,[3, 5, 45, 16, 57, 30]
---->15042,[16, 57, 3, 45, 30]
15017,2,[16, 57, 3, 45, 30][5]
---->15027,[3, 5, 45, 16, 57, 30]
15004,1,[16, 57, 3, 45, 30]
---->15017,[16, 57, 3, 45, 30]
15000,1,[3, 5, 45, 16, 57, 30]
---->15004,[16, 57, 3, 45, 30]
14280,2,[32, 34, 3, 70, 2, 46, 15, 16, 17, 21, 56, 57, 53, 30, 31][47, 45, 5]
---->15000,[3, 5, 45, 16, 57, 30]
14256,2,[2, 70, 34, 46, 15, 17, 21, 53, 31][32, 3, 16, 56, 57, 30]
---->14280,[32, 34, 3, 70, 2, 46, 15, 16, 17, 21, 56, 57, 53, 30, 31]
13933,1,[32, 34, 3, 70, 2, 46, 15, 16, 17, 21, 56, 57, 53, 30, 31]
---->14256,[2, 70, 34, 46, 15, 17, 21, 53, 31]
13932,2,[32, 34, 3, 2, 46, 15, 16, 17, 21, 56, 57, 53, 30, 31][70]
---->13933,[32, 34, 3, 70, 2, 46, 15, 16, 17, 21, 56, 57, 53, 30, 31]
13911,1,[32, 34, 3, 70, 2, 46, 15, 16, 17, 21, 56, 57, 53, 30, 31]
---->13932,[32, 34, 3, 2, 46, 15, 16, 17, 21, 56, 57, 53, 30, 31]
13903,2,[32, 34, 3, 2, 46, 15, 16, 17, 21, 56, 57, 53, 30, 31][70]
---->13911,[32, 34, 3, 70, 2, 46, 15, 16, 17, 21, 56, 57, 53, 30, 31]
13684,1,[32, 34, 3, 70, 2, 46, 15, 16, 17, 21, 56, 57, 53, 30, 31]
---->13903,[32, 34, 3, 2, 46, 15, 16, 17, 21, 56, 57, 53, 30, 31]
13680,3,[34, 70, 2, 46, 15, 17, 21, 57, 53, 31][16, 3][32, 56, 30]
---->13684,[32, 34, 3, 70, 2, 46, 15, 16, 17, 21, 56, 57, 53, 30, 31]
13643,1,[32, 34, 3, 70, 2, 46, 15, 16, 17, 21, 56, 57, 53, 30, 31]
---->13680,[34, 70, 2, 46, 15, 17, 21, 57, 53, 31]
13622,1,[32, 2, 3, 70, 34, 46, 15, 16, 17, 53, 56, 57, 21, 30, 31]
---->13643,[32, 34, 3, 70, 2, 46, 15, 16, 17, 21, 56, 57, 53, 30, 31]
13500,1,[32, 34, 3, 70, 2, 46, 15, 16, 17, 21, 56, 57, 53, 30, 31]
---->13622,[32, 2, 3, 70, 34, 46, 15, 16, 17, 53, 56, 57, 21, 30, 31]
12830,2,[2, 70, 34, 46, 15, 16, 17, 53, 57, 21, 31][32, 56, 3, 30]
---->13500,[32, 34, 3, 70, 2, 46, 15, 16, 17, 21, 56, 57, 53, 30, 31]
12812,1,[64, 2, 70, 34, 46, 15, 16, 17, 53, 57, 21, 31]
---->12830,[2, 70, 34, 46, 15, 16, 17, 53, 57, 21, 31]
12809,2,[64, 2, 70, 34, 46, 15, 17, 53, 57, 21, 31][39, 40, 41, 13, 16, 51, 58]
---->12812,[64, 2, 70, 34, 46, 15, 16, 17, 53, 57, 21, 31]
12706,1,[64, 2, 70, 34, 46, 15, 16, 17, 53, 57, 21, 31]
---->12809,[64, 2, 70, 34, 46, 15, 17, 53, 57, 21, 31]
12700,2,[64, 2, 70, 34, 46, 15, 17, 53, 57, 21, 31][16]
---->12706,[64, 2, 70, 34, 46, 15, 16, 17, 53, 57, 21, 31]
12684,1,[64, 2, 70, 34, 46, 15, 16, 17, 53, 57, 21, 31]
---->12700,[64, 2, 70, 34, 46, 15, 17, 53, 57, 21, 31]
12658,2,[64, 2, 70, 34, 46, 15, 17, 53, 57, 21, 31][16]
---->12684,[64, 2, 70, 34, 46, 15, 16, 17, 53, 57, 21, 31]
12640,1,[64, 2, 70, 34, 46, 15, 17, 53, 57, 21, 31]
---->12658,[64, 2, 70, 34, 46, 15, 17, 53, 57, 21, 31]
12554,1,[64, 2, 70, 34, 46, 15, 16, 17, 53, 57, 21, 31]
---->12640,[64, 2, 70, 34, 46, 15, 17, 53, 57, 21, 31]
12509,2,[16, 64, 2, 31][34, 70, 46, 15, 17, 21, 57, 53]
---->12554,[64, 2, 70, 34, 46, 15, 16, 17, 53, 57, 21, 31]
12433,1,[64, 2, 70, 34, 46, 15, 16, 17, 53, 57, 21, 31]
---->12509,[16, 64, 2, 31]
12430,2,[16, 64, 2, 31][34, 70, 46, 15, 17, 21, 57, 53]
---->12433,[64, 2, 70, 34, 46, 15, 16, 17, 53, 57, 21, 31]
12429,2,[64, 2, 31][39, 40, 41, 13, 16, 51, 58]
---->12430,[16, 64, 2, 31]
12427,1,[16, 64, 2, 31]
---->12429,[64, 2, 31]
12409,1,[64, 2, 70, 34, 46, 15, 16, 17, 53, 57, 21, 31]
---->12427,[16, 64, 2, 31]
12405,2,[64, 2, 70, 34, 46, 15, 17, 53, 57, 21, 31][39, 40, 41, 13, 16, 51, 58]
---->12409,[64, 2, 70, 34, 46, 15, 16, 17, 53, 57, 21, 31]
12386,1,[64, 2, 70, 34, 46, 15, 16, 17, 53, 57, 21, 31]
---->12405,[64, 2, 70, 34, 46, 15, 17, 53, 57, 21, 31]
12343,2,[64, 2, 70, 34, 46, 15, 17, 53, 57, 21, 31][39, 40, 41, 13, 16, 51, 58]
---->12386,[64, 2, 70, 34, 46, 15, 16, 17, 53, 57, 21, 31]
12321,1,[64, 2, 70, 34, 46, 15, 16, 17, 53, 57, 21, 31]
---->12343,[64, 2, 70, 34, 46, 15, 17, 53, 57, 21, 31]
12316,2,[64, 2, 70, 34, 46, 15, 17, 53, 57, 21, 31][16]
---->12321,[64, 2, 70, 34, 46, 15, 16, 17, 53, 57, 21, 31]
12271,1,[64, 2, 70, 34, 46, 15, 16, 17, 53, 57, 21, 31]
---->12316,[64, 2, 70, 34, 46, 15, 17, 53, 57, 21, 31]
12199,2,[16, 64, 2, 31][34, 70, 46, 15, 17, 21, 57, 53]
---->12271,[64, 2, 70, 34, 46, 15, 16, 17, 53, 57, 21, 31]
12163,1,[64, 2, 70, 34, 46, 15, 16, 17, 53, 57, 21, 31]
---->12199,[16, 64, 2, 31]
12155,1,[64, 2, 70, 34, 46, 15, 16, 17, 53, 57, 21, 31]
---->12163,[64, 2, 70, 34, 46, 15, 16, 17, 53, 57, 21, 31]
12152,2,[64, 2, 34, 46, 15, 16, 17, 53, 57, 21, 31][70]
---->12155,[64, 2, 70, 34, 46, 15, 16, 17, 53, 57, 21, 31]
12105,1,[64, 2, 34, 46, 15, 16, 17, 53, 57, 21, 31]
---->12152,[64, 2, 34, 46, 15, 16, 17, 53, 57, 21, 31]
12007,1,[64, 2, 70, 34, 46, 15, 16, 17, 53, 57, 21, 31]
---->12105,[64, 2, 34, 46, 15, 16, 17, 53, 57, 21, 31]
12001,2,[64, 2, 70, 34, 46, 15, 17, 53, 57, 21, 31][16]
---->12007,[64, 2, 70, 34, 46, 15, 16, 17, 53, 57, 21, 31]
12000,1,[64, 2, 70, 34, 46, 15, 16, 17, 53, 57, 21, 31]
---->12001,[64, 2, 70, 34, 46, 15, 17, 53, 57, 21, 31]
10602,2,[2, 70, 34, 46, 15, 16, 17, 53, 57, 21, 31][64, 65, 69]
---->12000,[64, 2, 70, 34, 46, 15, 16, 17, 53, 57, 21, 31]
10549,2,[16, 2, 31][34, 70, 46, 15, 17, 21, 57, 53]
---->10602,[2, 70, 34, 46, 15, 16, 17, 53, 57, 21, 31]
10510,1,[2, 70, 34, 46, 15, 16, 17, 53, 57, 21, 31]
---->10549,[16, 2, 31]
10500,1,[2, 70, 34, 46, 15, 16, 17, 21, 57, 53, 31]
---->10510,[2, 70, 34, 46, 15, 16, 17, 53, 57, 21, 31]
9766,2,[0, 1, 3, 32, 69, 33, 64, 35, 53, 56, 30][2, 70, 34, 46, 15, 16, 17, 21, 57, 59, 31]
---->10500,[2, 70, 34, 46, 15, 16, 17, 21, 57, 53, 31]
9760,2,[0, 1, 3, 32, 69, 33, 64, 35, 56, 30][51, 4, 53]
---->9766,[0, 1, 3, 32, 69, 33, 64, 35, 53, 56, 30]
9743,1,[0, 1, 3, 32, 69, 33, 64, 35, 53, 56, 30]
---->9760,[0, 1, 3, 32, 69, 33, 64, 35, 56, 30]
9734,2,[0, 1, 3, 32, 69, 33, 64, 35, 56, 30][53]
---->9743,[0, 1, 3, 32, 69, 33, 64, 35, 53, 56, 30]
9241,1,[0, 1, 3, 32, 69, 33, 64, 35, 56, 30]
---->9734,[0, 1, 3, 32, 69, 33, 64, 35, 56, 30]
9235,3,[0, 1, 69, 64][32, 56, 3, 30][33, 35]
---->9241,[0, 1, 3, 32, 69, 33, 64, 35, 56, 30]
9226,1,[0, 1, 3, 32, 69, 33, 64, 35, 56, 30]
---->9235,[0, 1, 69, 64]
9206,1,[0, 1, 3, 69, 32, 64, 35, 56, 33, 30]
---->9226,[0, 1, 3, 32, 69, 33, 64, 35, 56, 30]
9186,1,[0, 1, 3, 32, 69, 33, 64, 35, 56, 30]
---->9206,[0, 1, 3, 69, 32, 64, 35, 56, 33, 30]
9181,1,[0, 1, 3, 69, 32, 64, 35, 56, 33, 30]
---->9186,[0, 1, 3, 32, 69, 33, 64, 35, 56, 30]
9179,2,[0, 1, 35, 69, 33][64, 32, 3, 30, 56]
---->9181,[0, 1, 3, 69, 32, 64, 35, 56, 33, 30]
9176,1,[0, 1, 3, 69, 32, 64, 35, 56, 33, 30]
---->9179,[0, 1, 35, 69, 33]
9175,2,[0, 1, 35, 69, 33][64, 32, 3, 30, 56]
---->9176,[0, 1, 3, 69, 32, 64, 35, 56, 33, 30]
9029,1,[0, 1, 3, 69, 32, 64, 35, 56, 33, 30]
---->9175,[0, 1, 35, 69, 33]
9000,2,[0, 1, 3, 69, 32, 64, 56, 30][33, 35]
---->9029,[0, 1, 3, 69, 32, 64, 35, 56, 33, 30]
7852,2,[0, 1, 3, 32, 69, 7, 71, 35, 56, 33, 30][8, 64, 12]
---->9000,[0, 1, 3, 69, 32, 64, 56, 30]
