0,6,[0, 1, 2][18, 19, 20][36, 37, 38][56, 54, 55][64, 65, 63][69, 70, 71]
---->7500,[0, 65, 2, 37, 18, 19, 20, 56, 69]
0,2,[8, 6, 7][48, 49, 50]
---->4500,[8, 49, 6]
0,1,[21, 22, 23]
---->4500,[21, 22, 23]
0,1,[16, 17, 15]
---->3000,[16, 17, 15]
0,2,[36, 37, 38][48, 49, 50]
---->3000,[48, 50, 37]
0,1,[57, 58, 59]
---->3000,[57, 58, 59]
0,2,[0, 1, 2][64, 65, 63]
---->3252,[0, 65, 2]
0,1,[16, 17, 15]
---->3252,[16, 17, 15]
0,1,[18, 19, 20]
---->3252,[18, 19, 20]
0,2,[32, 30, 31][56, 54, 55]
---->3252,[56, 54, 31]
0,1,[69, 70, 71]
---->3252,[69, 70, 71]
0,2,[3, 4, 5][27, 28, 29]
---->4500,[28, 27, 4, 29]
3000,3,[16, 17, 15][48, 50, 37][57, 58, 59]
---->7500,[16, 48, 58]
3252,5,[0, 65, 2][16, 17, 15][18, 19, 20][56, 54, 31][69, 70, 71]
---->4500,[0, 69, 15, 17, 18, 19, 20, 56]
4500,2,[8, 49, 6][21, 22, 23]
---->7500,[8, 22, 6]
4500,2,[0, 69, 15, 17, 18, 19, 20, 56][28, 27, 4, 29]
---->4652,[17, 4, 15]
4500,1,[28, 27, 4, 29]
---->4652,[27, 28, 29]
4652,2,[17, 4, 15][27, 28, 29]
---->4671,[28, 27, 4, 29]
4671,1,[28, 27, 4, 29]
---->4683,[27, 28, 29]
4683,1,[27, 28, 29]
---->7500,[27, 28, 29]
7500,4,[0, 65, 2, 37, 18, 19, 20, 56, 69][8, 22, 6][16, 48, 58][27, 28, 29]
---->14999,[48, 56, 28, 6]
