
file_name='/home/vanka/tamal/prebiotic_synthesis/sugar_synthesis_HCNH2O_0.75timestep_2.2.md/scr/coord.mol'
coll_steps=250
non_coll_steps=1250
(0,78860,7000)


0
(0, 1249)
[(0, 1, 0.01, 0.11), (99, 100, 99.99, 0.11)]
(1250, 1499)
[(0, 8, 0.98, 1.4), (99, 100, 99.48, 0.5)]
=======================
4
(6000, 7249)
[(0, 1, 0.01, 0.1), (99, 100, 99.99, 0.1)]
(7250, 7499)
[(0, 4, 0.44, 0.9), (99, 100, 99.76, 0.43)]
=======================
9
(13500, 14749)
[(0, 2, 0.07, 0.28), (99, 100, 99.93, 0.25)]
(14750, 14999)
[(0, 5, 0.68, 1.07), (99, 100, 99.65, 0.48)]
=======================
14
(21000, 22249)
[(0, 2, 0.16, 0.5), (99, 100, 99.89, 0.31)]
(22250, 22499)
[(0, 4, 0.84, 1.12), (99, 100, 99.56, 0.5)]
=======================
18
(27000, 28249)
[(0, 3, 0.23, 0.61), (99, 100, 99.83, 0.37)]
(28250, 28499)
[(0, 5, 0.94, 1.18), (99, 100, 99.52, 0.5)]
=======================
23
(34500, 35749)
[(0, 2, 0.02, 0.18), (99, 100, 99.99, 0.1)]
(35750, 35999)
[(0, 7, 1.15, 1.67), (99, 100, 99.59, 0.49)]
=======================
28
(42000, 43249)
[(0, 2, 0.03, 0.19), (99, 100, 99.97, 0.17)]
(43250, 43499)
[(0, 5, 0.93, 1.52), (99, 100, 99.68, 0.47)]
=======================
32
(48000, 49249)
[(0, 4, 0.67, 0.77), (99, 100, 99.49, 0.5)]
(49250, 49499)
[(0, 6, 0.99, 1.57), (99, 100, 99.64, 0.48)]
=======================
37
(55500, 56749)
[(0, 2, 0.07, 0.34), (99, 100, 99.95, 0.22)]
(56750, 56999)
[(0, 7, 1.71, 1.94), (99, 100, 99.4, 0.49)]
=======================
42
(63000, 64249)
[(0, 3, 0.13, 0.4), (99, 100, 99.89, 0.32)]
(64250, 64499)
[(0, 5, 0.51, 1.0), (99, 100, 99.71, 0.45)]
=======================
46
(69000, 70249)
[(0, 3, 0.06, 0.27), (99, 100, 99.95, 0.22)]
(70250, 70499)
[(0, 7, 1.04, 1.96), (99, 100, 99.7, 0.46)]
=======================
51
(76500, 77749)
[(0, 4, 0.07, 0.44), (99, 100, 99.97, 0.18)]
(77750, 77999)
[(0, 4, 0.63, 0.97), (99, 100, 99.63, 0.48)]
=======================

