
molecule: ch2nh
file:/home/vanka/tamal/prebiotic_synthesis/sugar_synthesis_HCNH2O_0.75timestep_2.2.md/scr/coord.mol 
frame range: 0 - 78860
inc=1

0 0
16600 1 [2, 31, 34, 46, 15]
16603 0
17143 1 [17, 34, 53, 46, 15]
17620 0
17640 1 [17, 34, 53, 46, 15]
17689 0
17737 1 [17, 34, 53, 46, 15]
17999 0
24031 1 [17, 34, 55, 53, 15]
24042 0
24786 1 [17, 34, 55, 53, 15]
25499 0
25508 1 [17, 34, 55, 53, 15]
25547 0
25554 1 [17, 34, 55, 53, 15]
25574 0
25580 1 [17, 34, 55, 53, 15]
25642 0
25651 1 [17, 34, 55, 53, 15]
25669 0
25679 1 [17, 34, 55, 53, 15]
33138 2 [8, 1, 19, 12, 62] [17, 34, 55, 53, 15]
34499 1 [17, 34, 55, 53, 15]
35999 0
36082 1 [65, 11, 55, 6, 47]
36106 0
36118 1 [65, 11, 55, 6, 47]
36132 2 [65, 11, 55, 6, 47] [17, 34, 15, 58, 53]
36135 1 [17, 34, 15, 58, 53]
36145 0
36146 1 [65, 11, 55, 6, 47]
36156 2 [65, 11, 55, 6, 47] [17, 34, 15, 58, 53]
36162 1 [17, 34, 15, 58, 53]
36169 0
36178 1 [65, 11, 55, 6, 47]
36185 2 [65, 11, 55, 6, 47] [17, 34, 15, 58, 53]
36194 1 [17, 34, 15, 58, 53]
36200 0
36206 1 [65, 11, 55, 6, 47]
36212 2 [65, 11, 55, 6, 47] [17, 34, 15, 58, 53]
36222 1 [17, 34, 15, 58, 53]
36228 0
36237 1 [65, 11, 55, 6, 47]
36241 2 [65, 11, 55, 6, 47] [17, 34, 15, 58, 53]
36254 1 [17, 34, 15, 58, 53]
36258 0
36266 1 [65, 11, 55, 6, 47]
36267 2 [65, 11, 55, 6, 47] [17, 34, 15, 58, 53]
36284 1 [65, 11, 55, 6, 47]
36293 2 [65, 11, 55, 6, 47] [17, 34, 15, 58, 53]
36314 1 [65, 11, 55, 6, 47]
36316 2 [65, 11, 55, 6, 47] [17, 34, 15, 58, 53]
36336 1 [65, 11, 55, 6, 47]
36342 2 [65, 11, 55, 6, 47] [17, 34, 15, 58, 53]
36768 1 [17, 34, 15, 58, 53]
36772 2 [65, 11, 55, 6, 47] [17, 34, 15, 58, 53]
36794 1 [17, 34, 15, 58, 53]
36797 2 [65, 11, 55, 6, 47] [17, 34, 15, 58, 53]
36818 1 [17, 34, 15, 58, 53]
36822 2 [65, 11, 55, 6, 47] [17, 34, 15, 58, 53]
36842 1 [17, 34, 15, 58, 53]
36847 2 [65, 11, 55, 6, 47] [17, 34, 15, 58, 53]
37499 1 [17, 34, 15, 58, 53]
38999 0
58501 1 [24, 40, 59, 55, 41]
58504 0
58519 1 [24, 40, 59, 55, 41]
59999 0
62999 1 [0, 17, 10, 22, 65]
64499 0
66138 1 [0, 17, 10, 22, 65]
68999 0

16600 1 [2, 31, 34, 46, 15]
17143 1 [17, 34, 53, 46, 15]
24031 1 [17, 34, 55, 53, 15]
33138 2 [8, 1, 19, 12, 62] [17, 34, 55, 53, 15]
36082 1 [65, 11, 55, 6, 47]
36132 2 [65, 11, 55, 6, 47] [17, 34, 15, 58, 53]
36135 1 [17, 34, 15, 58, 53]
58501 1 [24, 40, 59, 55, 41]
62999 1 [0, 17, 10, 22, 65]

16600 [2, 31, 34, 46, 15]
17143 [17, 34, 53, 46, 15]
24031 [17, 34, 55, 53, 15]
33138 [8, 1, 19, 12, 62]
36082 [65, 11, 55, 6, 47]
36132 [17, 34, 15, 58, 53]
58501 [24, 40, 59, 55, 41]
62999 [0, 17, 10, 22, 65]

