
file_name="/home/vanka/tamal/urrey_miller_simulation_hightemp.md/scr/coors.mol"
coll_steps=500
non_coll_steps=3500
(0,406375,40000)


0
(0, 3499)
[(0, 0, 0.0, 0.0), (100, 100, 100.0, 0.0)]
(3500, 3999)
[(0, 3, 0.23, 0.67), (99, 100, 99.87, 0.34)]
=======================
10
(40000, 43499)
[(0, 1, 0.02, 0.13), (99, 100, 99.98, 0.13)]
(43500, 43999)
[(0, 5, 0.45, 0.84), (99, 100, 99.68, 0.47)]
=======================
20
(80000, 83499)
[(0, 1, 0.02, 0.13), (99, 100, 99.98, 0.13)]
(83500, 83999)
[(0, 4, 0.38, 0.83), (99, 100, 99.78, 0.41)]
=======================
30
(120000, 123499)
[(0, 0, 0.0, 0.0), (100, 100, 100.0, 0.0)]
(123500, 123999)
[(0, 6, 0.93, 1.24), (99, 100, 99.53, 0.5)]
=======================
40
(160000, 163499)
[(0, 4, 0.06, 0.41), (99, 100, 99.97, 0.16)]
(163500, 163999)
[(0, 4, 0.36, 0.89), (99, 100, 99.81, 0.39)]
=======================
50
(200000, 203499)
[(0, 1, 0.01, 0.08), (99, 100, 99.99, 0.08)]
(203500, 203999)
[(0, 3, 0.24, 0.53), (99, 100, 99.8, 0.4)]
=======================
60
(240000, 243499)
[(0, 1, 0.01, 0.11), (99, 100, 99.99, 0.11)]
(243500, 243999)
[(0, 8, 1.04, 1.72), (99, 100, 99.56, 0.5)]
=======================
70
(280000, 283499)
[(0, 3, 0.02, 0.17), (99, 100, 99.99, 0.1)]
(283500, 283999)
[(0, 6, 0.49, 1.17), (99, 100, 99.81, 0.39)]
=======================
80
(320000, 323499)
[(0, 3, 0.05, 0.24), (99, 100, 99.96, 0.21)]
(323500, 323999)
[(0, 2, 0.29, 0.54), (99, 100, 99.75, 0.43)]
=======================
90
(360000, 363499)
[(0, 3, 0.03, 0.21), (99, 100, 99.98, 0.15)]
(363500, 363999)
[(0, 10, 1.0, 1.69), (99, 100, 99.53, 0.5)]
=======================
100
(400000, 403499)
[(0, 3, 0.02, 0.15), (99, 100, 99.99, 0.11)]
(403500, 403999)
[(0, 6, 0.83, 1.19), (99, 100, 99.54, 0.5)]
=======================

